228414907
80313
144971
50831
38818
69903
84804
25610
20444
11737
16094
28996
14040
14796
20420
15588
17753
7194
14690
13027
14966
6354
5862
25357
4816
5182
15113
6326
9283
9666
6119
11287
12282
8672
44754
15123
27222
9717
12756
5586
8994
7654
8210
16420
7834
8906
4677
6015
15225
80120
13997
151345
15189
5004
3592
5098
9766
9380
8308
8462
10040
4388
8230
6540
18059
29807
58731
6747
8430
13355
8983
13923
5334
5188
6767
7724
7136
6016
7359
4164
9796
8036
9102
5481
12611
27776
16498
16644
14368
57834
21436
11317
19518
16487
63236
36176
23141
23956
60134
49121
5786027
