13789482
11333054
3709977
3991518
9747710
4985759
4108016
4154421
12948470
4635057
9747418
3450751
7092086
8111135
4876704
8254894
7555968
16443532
16448983
15788419
16448926
16448934
15828093
11067379
16026042
16435406
16448967
16464614
15741951
15734666
16448971
16448954
8399890
7515491
16628000
15939130
16053670
15764960
15691118
15691122
16015738
14255342
6702830
16939375
17147410
14460113
3819171
7916593
16630024
7107433
7852250
11691640
14898295
16440649
7865652
14522124
7864823
16629757
8318678
15734988
16627950
10455234
7873135
9983191
8177991
14519048
16629931
7092417
8864096
3819157
15861524
15571194
16017113
16631222
8393981
4354933
12217572
16627773
6704232
8248706
15788431
16438190
7865696
7845346
16440704
16220042
15691114
16448979
14319960
16631248
8877158
7843730
15722306
11785627
16448930
8513389
8865199
17355757
7865767
4493199
7198338
7851153
16259595
8021456
7910624
8922644
4412315
16630385
11725127
16630941
14898816
15398730
4414163
16435965
4518546
3886356
7055857
4401350
16883909
9109799
16039470
11725803
8338584
7187384
11017761
16629788
15722867
16868923
18028397
8262503
8263140
12726582
4134539
16223537
17016974
15810983
15404207
4117305
4412036
8262372
10673895
8319311
7983899
8118474
15592096
16353832
15721919
8262302
16782830
16631114
16210988
5395823
17147698
16444327
8263285
12475432
16627838
16630264
15421363
12805363
14082322
8798010
16058860
16627861
5937084
16977881
4411505
11691603
4884579
14541927
16797672
6611894
7802210
7057894
7901791
15253921
4598109
2506050
17884299
16178283
8980589
4230749
4230739
4195012
8689674
4227544
4381129
7840791
11813287
17295912
4241192
4241237
7786053
5019924
8559607
5051342
8850802
9556700
4444354
8094859
11525714
8068173
7616956
5836035
9796812
4227304
16720240
4230061
4234009
3664102
9766793
5836206
9609048
11524047
7840203
4415241
16846805
9469519
12871993
16850888
8066542
3347708
9074101
5966099
10056280
7868195
4598363
5835799
8297018
5836163
4381377
4022539
4229950
5836197
3890028
6699205
8413663
16240569
17013073
4414184
3299214
6703240
4235139
13589251
4393049
8243455
8253413
7897469
9813188
7829784
9741463
8978117
3497901
8244823
17068730
9847388
7828725
14547259
3234817
8248631
8245692
14604028
8891315
16625432
3587612
5835815
7690945
7838405
8997281
4919895
8504660
4982172
3813487
16795524
15617305
9525492
8427677
10163418
4414426
9897223
8957325
8792120
7891312
8256186
7196392
9707941
8246081
8245513
9809626
5836387
10259967
8245014
3522293
16795838
8252067
8246750
8723397
8247451
29
8924186
3347834
5836181
8835968
9730873
8274902
8419602
8140109
8245869
4119387
11279244
677717
8509987
9531722
9889095
10169396
4651929
7935088
7934904
8259192
9511772
8260011
8066411
8766921
9012340
3605630
9578602
9574259
8245146
10246566
9517477
8244723
4391978
16485079
8761400
8764750
8773879
9782026
3486381
17434825
2612527
8012953
10160250
7020344
4152020
12156009
3756659
9291474
4620453
9275210
3690921
2921933
7971031
8598886
3712893
11543212
17454963
8259179
8247315
3565102
3679411
8259199
16145456
9606354
16053650
10450307