29
3234817
3347834
4414426
5835815
5836181
7196392
7690945
7829784
7838405
7891312
8274902
8419602
8509987
8835968
8891315
9525492
9531722
9730873
9809626
9847388
9897223
10163418
10259967
15617305
5836387
3497901
3587612
9889095
7828725
4651929
8245513
8248631
8140109
8245692
8245869
8244823
8246081
8256186
14604028
4119387
8246750
11279244
2506050
8253413
9813188
7897469
4598109
3299214
4414184
6703240
9074101
3890028
7616956
8559607
4195012
4230061
4230749
4241237
4415241
4444354
5019924
5836163
7840203
7840791
7868195
8066542
8980589
9469519
9556700
9796812
11813287
16846805
16850888
5835799
3347708
4022539
4227304
4227544
4230739
4241192
5051342
5836197
5836206
7786053
8068173
10056280
8850802
9609048
9766793
6699205
16240569
8094859
8413663
8689674
4234009
17295912
16720240
12871993
8297018
5836035
17013073
4381129
4381377
4598363
11524047
11525714
3664102
4229950
4235139
16178283
17884299
4982172
9707941
3522293
8427677
8504660
8924186
8957325
16625432
677717
8978117
8997281
10169396
8245014
8723397
8792120
9741463
4919895
8247451
8252067
14547259
9511772
8259192
8066411
8260011
8245146
10246566
8244723
13589251
4393049
8243455
8254894
7934904
7935088
9574259
8766921
3605630
9578602
9012340
9517477
8773879
9782026
8761400
8764750
16145456
9606354
10160250
7555968
3813487
17068730
16795524
16795838
2612527
17434825
16485079
4391978
2921933
8598886
7971031
9275210
3690921
4620453
9291474
12156009
7020344
4152020
3756659
3712893
11543212
3991518
9747710
9747418
4985759
4635057
12948470
4108016
4154421
4876704
7092086
8111135
3709977
13789482
3450751
3486381
5966099
15253921
7910624
3886356
15810983
4414163
15398730
15421363
12475432
4884579
8338584
15592096
4117305
4134539
4411505
4412036
4518546
5937084
8262302
8262372
8262503
11691603
11725127
11725803
12726582
14898816
15721919
16039470
16627861
16629788
16630385
16630941
16631114
16977881
17016974
18028397
8798010
11017761
16223537
17147698
4412315
7055857
14082322
16782830
16868923
16435965
9109799
8118474
7187384
16627838
16883909
8319311
16353832
8263285
16210988
8263140
16444327
7983899
15722867
16630264
8922644
12805363
10673895
4401350
5395823
15404207
16058860
16797672
8513389
8865199
17355757
14541927
7901791
3819157
6702830
6704232
8177991
8248706
8864096
11785627
14519048
14522124
15571194
15734988
15861524
16015738
16440649
16627773
16629757
16629931
16630024
16631222
17147410
16017113
8877158
14460113
16438190
16939375
7845346
8393981
9983191
14898295
7843730
4354933
7864823
7852250
7865652
7092417
7107433
7916593
7873135
4493199
7865767
7198338
16259595
8399890
7515491
3819171
12217572
11691640
14319960
16440704
15788431
14255342
16631248
15722306
10455234
16627950
15691114
8318678
7865696
16220042
16448930
16448979
11067379
15691118
15691122
15764960
16435406
16448971
16448954
16026042
16464614
8021456
11333054
7851153
8012953
16448967
15741951
16628000
16053670
15939130
15828093
15734666
15788419
16448983
16443532
16448934
16448926
17454963
16053650
10450307
6611894
7057894
7802210
3565102
8259199
3679411
8247315
8259179