1
2
3
4
2
3
3
5
6
2
2
3
5
5
7
5
8
9
10
11
9
5
5
5
5
12
9
12
10
13
4
13
14
14
15
11
11
11
11
2
16
11
11
11
11
5
5
11
11
5
4
4
4
4
17
4
4
18
11
4
4
19
19
5
20
21
11
19
19
4
22
19
19
19
7
4
23
19
19
19
19
4
24
19
25
14
8
1
11
11
11
11
11
11
11
11
11
11
14
3
11
11
11
11
11
11
11
11
11
11
11
11
11
11
11
11
5
11
11
11
11
11
11
11
5
4
11
11
11
11
11
11
11
11
11
11
3
11
11
11
11
11
11
11
11
11
11
3
11
11
11
11
7
11
5
5
11
11
11
3
11
11
11
11
11
11
11
11
11
11
11
11
11
11
11
19
3
11
11
3
3
11
5
11
11
11
11
11
11
11
11
11
11
11
11
11
11
11
11
11
11
11
11
11
19
19
11
11
11
3
11
1
3
11
11
5
5
11
11
11
11
26
11
19
3
11
11
11
11
5
3
3
11
11
17
14
4
19
14
14
14
14
1
19
19
11
11
11
3
11
11
11
19
11
5
14
11
19
4
19
19
4
4
3
19
19
5
11
11
11
19
11
19
19
11
11
11
27
5
5
11
4
4
11
11
4
11
11
3
4
19
5
19
5
11
11
5
11
19
11
4
19
19
4
4
4
19
7
19
11
19
5
19
19
19
19
19
19
19
19
4
19
4
14
28
19
7
19
4
4
4
22
4
4
4
4
29
19
19
30
19
19
19
31
19
4
4
4
4
19
22
19
19
19
4
4
22
19
4
4
4
22
22
19
4
4
22
22
4
32
33
11
4
7
4
4
5
7
19
19
19
4
19
19
19
4
7
19
4
4
19
4
14
14
19
4
4
4
4
4
19
19
4
4
4
4
4
4
4
22
4
4
4
18
5
19
19
19
4
19
11
19
4
22
34
14
4
4
4
14
19
4
19
4
19
4
5
4
19
19
19
19
19
5
4
4
4
14
19
22
4
19
35
5
14
18
19
19
19
19
19
14
4
7
4
22
19
36
19
19
19
25
19
4
19
19
19
4
4
19
19
19
19
5
34
34
8
34
34
34
34
34
11
14
14
11
4
11
11
11
11
19
11
11
11
11
11
11
11
11
11
5
11
4
14
11
11
11
11
11
11
11
11
11
11
11
11
1
1
19
11
11
11
11
11
11
11
11
11
11
19
11
11
11
19
4
11
4
1
11
11
11
11
11
11
11
11
11
11
4
11
26
37
19
19
11
14
11
11
3
11
11
11
11
14
11
11
14
4
19
14
4
4
19
22
38
11
37
11
11
19
11
5
11
3
11
4
4
4
4
4
3
19
19
19
19
19
19
11
19
11
11
11
5
11
4
4
4
4
4
4
4
4
22
7
5
19
19
11
19
19
19
19
19
11
19
19
19
19
19
11
11
19
4
7
4
4
4
4
4
4
19
4
4
4
4
22
4
4
19
19
19
19
19
19
19
19
19
19
5
19
19
19
4
34
4
19
4
4
4
4
14
39
18
22
4
4
4
4
4
7
22
7
40
41
19
11
19
11
19
19
19
19
19
19
19
19
19
19
19
19
19
19
34
19
17
17
14
42
14
22
4
4
18
18
18
31
19
19
19
19
19
19
19
19
19
19
19
19
19
19
19
19
4
5
4
4
4
40
4
4
19
5
19
19
19
19
19
19
19
19
19
19
19
19
19
19
19
19
19
19
19
19
5
4
4
4
22
4
34
19
19
19
19
19
31
19
19
19
19
19
19
19
19
19
5
14
22
43
19
19
19
19
7
19
19
19
4
19
31
19
22
4
7
4
19
19
19
19
19
19
19
19
19
4
4
19
14
7
4
18
19
4
19
22
19
4
14
19
19
19
19
19
4
19
4
4
7
34
34
34
4
34
34
34
34
34
34
34
34
34
34
34
34
34
34
34
34
34
34
34
34
34
34
34
34
34
34
34
34
34
34
34
34
44
44
19
14
14
14
19
11
31
11
19
4
45
19
19
11
19
11
19
19
11
11
19
11
19
11
11
15
11
14
1
37
19
4
11
11
11
11
4
11
4
14
1
19
11
19
11
1
46
47
47
1
47
47
14
46
4
4
11
11
11
11
11
11
19
11
11
11
11
11
4
48
48
4
31
37
11
11
19
11
19
11
19
11
11
11
4
11
4
4
4
4
4
4
4
4
19
11
19
19
19
19
19
3
5
4
11
19
4
4
4
4
4
4
4
4
4
4
5
11
1
11
19
11
11
19
19
49
19
4
4
4
4
4
4
22
4
4
4
19
19
19
19
19
19
19
19
4
4
4
7
22
11
19
19
19
19
19
19
11
19
19
19
19
19
19
11
19
4
4
4
4
4
19
19
19
19
19
19
19
19
19
19
19
19
19
25
19
34
19
5
22
7
19
50
19
19
19
19
19
19
19
19
19
19
19
19
19
19
19
19
51
18
19
19
19
19
19
19
19
19
19
4
19
19
19
19
19
19
4
19
14
19
19
4
5
22
52
5
19
19
19
19
19
19
19
19
11
14
4
4
4
22
19
14
14
19
19
19
19
19
25
19
19
19
4
14
4
22
14
19
19
19
19
19
19
19
22
19
19
53
4
5
14
14
18
19
22
19
19
4
4
14
19
19
19
19
19
19
18
19
14
19
19
19
14
14
4
11
22
46
54
34
34
34
34
34
34
34
34
31
4
4
21
19
34
34
34
34
34
34
34
34
34
34
34
34
34
34
34
34
34
34
34
34
34
34
34
34
34
34
34
34
34
34
34
34
34
34
34
34
34
4
55
34
34
44
44
19
31
4
11
19
11
11
19
19
1
15
4
4
11
11
19
4
4
56
4
11
19
11
11
1
56
4
4
19
19
11
11
14
19
19
11
11
11
1
1
1
4
4
5
19
19
3
57
47
1
1
1
1
1
4
14
58
46
4
47
1
19
4
4
19
19
11
19
11
11
11
11
4
19
11
11
11
15
59
11
19
19
19
19
19
19
19
19
19
19
19
4
4
4
1
37
1
11
11
11
11
11
11
19
19
19
4
4
4
4
4
11
11
1
37
1
11
11
19
19
19
19
11
4
4
4
19
19
19
19
19
19
11
11
4
4
4
7
11
19
19
19
19
19
19
19
19
19
4
4
4
4
4
4
45
4
4
52
2
60
11
19
19
19
19
19
4
19
19
19
19
19
19
19
19
19
19
19
19
19
19
5
52
4
4
61
19
11
19
19
19
19
19
19
19
19
19
19
19
19
19
19
4
4
4
4
4
22
22
31
5
19
19
19
19
19
19
19
19
4
14
19
1
19
19
19
19
14
19
19
19
19
19
19
19
19
43
19
19
19
19
19
19
19
14
19
19
62
4
4
19
19
46
19
19
19
22
14
14
14
4
22
7
19
19
19
19
32
52
4
19
19
14
14
4
22
14
31
2
19
34
34
14
34
44
4
14
43
34
34
34
34
34
34
34
14
55
34
34
34
34
34
34
34
34
34
34
34
34
34
34
34
34
44
44
44
44
44
44
44
44
44
44
44
56
44
46
4
19
11
4
11
11
11
14
4
15
1
11
4
14
11
4
15
4
63
14
11
19
11
11
11
4
14
14
14
14
19
19
11
46
11
14
64
4
4
11
11
19
11
19
11
65
65
19
19
37
1
1
1
46
1
47
47
37
4
54
19
19
19
19
4
4
19
11
19
11
11
19
19
19
19
11
11
4
4
4
7
7
7
11
66
19
19
19
19
19
19
19
11
11
11
11
67
4
4
11
19
19
19
19
11
19
19
40
4
29
4
4
4
4
11
11
19
11
4
19
19
19
19
19
19
4
26
4
4
4
4
4
5
11
1
19
19
19
19
19
19
19
11
4
14
4
4
4
68
5
19
19
19
19
19
19
19
19
19
19
19
5
4
11
19
19
19
19
19
19
19
19
19
19
19
19
19
5
4
4
19
19
19
19
19
19
19
19
4
4
4
22
54
1
19
19
19
19
19
19
19
4
4
22
4
19
19
19
19
19
19
19
34
34
14
5
14
32
4
5
5
5
19
19
14
19
14
14
22
19
19
19
19
34
19
22
22
22
21
19
19
14
19
33
40
31
25
22
22
22
4
19
22
14
22
14
21
5
21
19
19
19
69
14
19
14
43
19
19
19
19
19
19
19
34
44
19
19
19
34
14
14
14
19
25
25
34
14
34
34
40
19
14
22
4
44
34
34
34
4
19
34
34
44
19
34
34
34
25
44
63
44
44
44
44
44
70
4
14
14
19
4
4
4
14
4
14
1
19
11
11
1
1
4
1
14
14
19
14
40
11
19
19
19
19
1
4
1
11
11
4
11
37
4
4
4
56
11
11
11
11
19
11
19
4
4
4
4
31
19
11
19
66
11
19
19
11
19
1
4
47
1
1
64
4
1
11
4
4
4
19
4
19
19
71
4
4
19
19
4
1
19
11
11
19
11
72
4
19
19
11
11
19
19
11
19
4
4
4
4
4
4
4
11
19
1
19
19
73
3
14
19
19
4
4
11
19
19
19
19
19
19
19
19
4
19
4
4
46
19
19
19
19
19
19
19
14
19
19
5
4
4
19
19
19
19
19
19
14
19
11
31
19
19
19
19
19
19
19
19
19
19
19
19
14
19
19
14
4
4
22
1
1
19
19
19
19
19
19
19
19
19
19
19
19
60
19
4
1
46
19
19
19
19
19
19
34
4
4
4
4
4
4
4
4
14
19
11
19
19
19
74
22
18
4
4
1
19
46
19
19
19
19
5
4
14
52
34
1
1
46
19
19
46
75
14
14
4
4
19
19
19
19
14
14
14
4
14
19
5
19
1
14
14
40
14
14
44
4
34
19
76
71
40
14
22
19
19
19
34
34
34
14
4
14
4
19
19
19
19
19
19
19
34
34
76
19
14
44
19
19
19
19
34
25
25
25
4
4
14
34
34
14
34
4
46
19
77
19
77
34
19
19
78
14
34
34
77
25
44
44
44
44
44
11
74
44
44
56
79
14
80
28
44
15
4
40
4
15
11
1
4
4
1
1
1
47
19
11
19
4
37
11
34
11
11
4
4
14
1
11
19
11
11
11
11
19
11
19
14
19
19
11
19
1
11
4
4
4
4
4
19
19
37
11
19
19
80
19
19
11
11
19
1
11
4
1
4
4
4
19
19
11
11
11
19
11
19
19
19
4
1
71
47
1
4
4
4
31
74
2
5
19
19
11
1
1
4
4
4
4
4
4
4
4
19
19
1
19
46
19
11
19
4
19
19
19
19
19
19
11
19
19
19
19
3
4
19
34
4
19
19
19
19
81
82
4
1
11
19
19
19
19
19
83
49
19
34
19
4
4
4
4
19
19
19
19
19
19
19
19
19
4
4
5
31
48
19
1
19
19
1
19
19
19
19
19
14
4
66
37
19
19
19
19
19
19
14
14
19
4
19
1
4
19
19
19
46
14
19
19
4
14
46
14
34
14
14
4
4
4
14
14
1
19
19
14
84
4
19
19
19
19
19
4
14
14
2
19
19
19
19
19
19
14
19
19
19
22
31
4
14
43
19
19
19
22
19
4
14
22
4
31
46
1
19
22
14
75
14
4
14
22
4
19
14
77
77
14
31
14
4
14
14
22
4
46
34
14
14
77
14
14
85
22
4
19
19
77
77
77
34
31
19
4
4
22
22
19
19
77
77
77
34
4
4
14
4
4
14
19
44
77
14
14
34
77
34
34
34
4
1
22
4
22
14
25
34
19
44
14
14
19
19
14
1
86
34
34
34
34
31
44
44
44
44
44
44
14
56
14
77
44
44
44
44
44
44
44
56
11
4
4
44
44
1
14
14
4
11
4
14
14
14
14
19
11
19
45
19
65
19
4
4
4
11
19
19
19
19
19
19
19
19
14
37
45
87
19
11
19
19
19
19
19
19
11
4
71
4
19
19
11
11
19
19
19
11
1
11
65
1
1
88
5
19
19
11
19
11
4
1
4
4
19
1
19
19
4
1
47
19
4
4
7
19
89
1
19
34
4
4
4
47
19
19
19
19
19
19
19
4
90
19
1
11
4
19
19
29
34
4
4
1
19
31
5
4
1
1
14
19
14
19
19
4
4
29
1
19
19
19
19
49
4
7
91
1
1
19
19
19
31
4
4
40
4
14
4
7
7
14
7
19
1
19
4
4
26
4
1
19
1
19
19
81
4
4
81
46
14
4
81
4
1
19
19
4
14
14
81
4
31
46
46
46
19
14
92
81
22
19
19
14
19
14
14
1
4
4
22
35
22
14
46
46
19
19
14
77
4
4
19
19
19
19
77
77
14
14
22
22
93
19
14
14
19
77
77
25
25
77
14
14
1
14
4
22
22
14
77
77
25
77
14
22
40
43
19
77
77
14
4
22
14
19
14
77
77
77
77
34
34
34
14
14
19
81
14
14
22
22
22
22
22
22
31
77
77
77
77
34
34
34
34
94
94
14
84
19
14
25
34
34
25
14
22
14
14
47
34
34
95
14
22
53
22
22
14
19
53
34
34
34
44
34
34
44
34
56
93
74
44
44
44
44
44
1
5
96
4
4
44
44
12
74
97
11
37
44
44
44
14
14
14
15
4
11
14
56
74
56
14
1
19
4
4
19
19
19
19
19
11
11
11
11
1
1
1
1
56
19
19
19
19
19
19
19
40
15
37
19
19
19
19
19
11
25
14
14
4
14
80
19
19
19
19
19
11
19
19
1
4
1
1
11
72
19
11
4
1
4
19
98
1
19
4
4
19
19
99
1
4
1
1
4
19
40
46
19
19
4
18
18
19
19
1
1
1
1
19
19
29
4
4
91
19
19
44
99
4
1
14
1
1
1
19
19
4
4
4
18
19
1
1
46
1
83
4
100
101
91
4
102
19
1
1
19
1
5
1
19
21
7
1
1
19
19
19
19
19
19
19
4
4
4
33
18
21
43
21
21
1
19
19
11
19
19
1
4
4
81
21
21
21
21
21
21
21
103
19
19
19
14
4
4
14
14
21
21
14
7
14
19
19
19
19
14
104
4
4
4
14
14
14
14
14
14
19
31
4
105
4
14
1
19
19
14
103
14
4
14
4
103
14
46
1
19
1
14
4
22
92
81
4
81
14
4
4
4
7
83
73
1
19
106
77
77
77
77
77
77
14
14
31
14
22
22
4
14
14
14
19
19
14
77
77
77
77
77
77
31
81
4
22
22
98
93
33
14
1
19
19
14
77
77
77
25
14
14
14
4
14
4
22
4
4
91
21
31
46
19
77
25
34
34
34
14
77
1
22
14
81
14
14
31
19
77
77
77
77
34
34
14
1
44
19
22
22
22
22
107
93
34
14
77
34
14
14
14
4
19
4
22
22
22
22
14
44
14
14
14
34
34
14
14
14
22
53
14
22
14
14
19
14
22
14
22
108
14
81
34
19
19
14
53
22
1
14
22
34
19
53
14
34
34
19
19
14
34
34
34
34
34
31
74
34
44
31
56
34
44
74
34
77
44
44
44
56
74
44
44
44
44
44
44
44
44
44
44
31
54
97
11
4
4
4
44
44
44
44
109
19
14
4
4
15
44
44
102
1
102
102
102
63
19
19
19
19
73
19
37
56
19
19
1
11
1
11
25
97
4
19
19
19
14
19
19
19
80
19
14
19
19
19
19
11
1
1
1
19
19
19
19
19
19
19
19
89
19
19
11
80
80
80
19
19
19
1
4
19
19
19
19
11
80
1
19
19
19
19
15
1
1
19
4
4
34
19
19
110
19
19
1
1
1
29
19
1
1
1
1
1
1
19
14
4
5
4
19
19
1
1
1
1
19
19
103
40
19
1
14
46
19
74
46
4
19
19
5
4
11
7
14
14
14
14
14
98
4
7
1
19
19
19
19
19
14
19
73
14
4
40
1
14
73
4
7
4
111
5
46
19
19
19
19
14
104
14
40
14
112
19
19
19
4
4
40
19
19
19
22
14
4
4
31
19
19
19
19
14
1
1
4
22
81
34
46
19
19
14
14
1
31
22
105
19
19
19
4
14
14
14
59
14
102
31
46
14
19
14
19
77
77
77
77
14
84
18
19
73
14
77
77
77
14
40
22
22
22
14
19
19
46
19
19
19
14
14
14
14
44
14
22
22
31
19
19
19
19
19
77
34
34
4
81
22
22
22
14
22
4
14
19
19
77
77
34
14
22
22
22
22
14
113
81
22
14
31
14
14
78
34
44
14
81
22
22
22
22
114
1
78
34
94
19
14
22
14
14
20
22
14
14
14
34
34
115
44
14
4
14
14
14
19
53
53
19
14
4
34
34
34
44
25
31
34
44
44
44
44
44
44
44
63
74
34
44
31
79
44
44
44
109
4
44
31
14
11
44
44
44
14
109
11
4
15
77
44
31
19
19
19
11
1
11
107
19
19
11
34
1
11
29
4
19
1
72
19
19
19
19
11
1
19
15
4
4
4
79
109
14
19
19
19
19
1
46
4
47
19
19
14
19
19
19
19
19
19
27
1
1
4
4
4
91
47
4
21
19
19
19
19
19
19
19
46
19
19
19
19
19
4
4
19
19
19
19
19
1
1
19
19
4
80
19
1
1
4
74
19
19
1
19
19
19
40
19
19
19
46
19
19
19
14
83
14
96
4
4
4
4
40
19
1
40
14
116
14
19
1
46
46
19
19
83
14
14
14
40
4
31
4
4
7
31
1
19
19
19
75
14
14
1
14
4
81
19
19
19
19
19
4
14
14
117
19
14
40
4
19
46
19
19
14
1
14
29
14
46
14
14
14
14
14
14
14
14
14
14
4
14
4
22
14
118
19
4
19
19
40
14
4
4
4
4
4
14
14
80
80
14
14
14
14
81
81
14
22
22
7
4
19
4
19
14
14
77
4
4
22
14
19
53
19
77
14
14
4
81
4
4
4
14
22
22
14
53
53
19
14
77
34
77
34
14
14
4
4
19
81
14
81
81
22
96
119
14
25
34
25
14
14
96
22
22
40
14
31
77
14
107
22
4
22
19
14
77
14
14
44
14
14
120
78
34
14
14
14
34
34
14
14
77
14
14
14
14
44
14
14
14
14
14
22
14
14
14
14
77
14
14
14
14
14
14
19
14
14
44
14
14
37
47
47
121
122
123
123
22
120
44
19
14
31
124
34
34
34
34
44
80
34
44
44
44
77
34
44
44
34
44
44
34
44
44
44
44
44
44
44
44
18
44
44
44
44
44
7
34
44
44
44
44
44
44
44
63
109
63
125
44
44
44
44
44
44
56
126
109
125
44
19
44
44
125
125
4
15
11
44
44
44
44
44
44
102
102
102
102
15
71
44
102
5
56
19
15
102
63
127
19
19
19
19
74
40
19
19
31
31
56
19
19
19
19
19
19
19
19
4
53
47
56
19
80
11
1
1
31
19
19
34
11
37
47
128
1
47
40
14
4
4
19
4
129
19
19
19
19
4
4
19
46
80
19
19
4
4
130
19
19
1
4
47
19
14
19
14
1
7
46
19
11
22
14
61
19
19
19
46
103
19
19
19
4
11
19
19
80
19
46
19
14
40
4
4
4
4
19
40
14
4
4
14
1
14
1
4
74
19
19
131
14
14
14
14
14
46
1
19
19
1
19
31
4
31
46
14
14
14
31
4
4
4
74
37
19
14
14
14
4
22
20
14
19
19
81
22
46
46
19
19
14
77
14
81
14
14
14
14
22
81
46
46
14
25
77
31
14
96
14
22
22
14
14
34
19
53
46
53
53
14
14
77
34
25
34
34
25
34
34
14
14
14
64
31
40
96
14
14
14
107
44
22
22
19
14
81
14
47
14
81
44
81
46
14
14
34
34
14
4
1
40
1
14
14
14
77
14
122
77
34
14
14
34
14
14
14
14
14
14
14
14
107
14
78
14
14
14
14
14
14
14
14
14
14
14
103
77
14
14
14
14
14
47
47
14
14
14
92
25
4
34
53
44
14
53
96
14
34
34
77
44
44
44
77
44
34
44
44
44
44
44
44
44
44
44
44
34
44
44
11
77
77
34
44
44
44
34
44
44
44
44
34
44
80
34
44
44
102
102
125
44
44
44
56
102
93
63
15
15
44
74
56
72
98
44
74
109
125
44
44
44
44
44
44
44
44
63
125
4
44
31
125
56
56
40
72
4
54
63
1
56
127
19
19
37
40
4
4
19
19
1
4
19
11
19
11
46
47
71
31
31
19
19
132
1
37
71
40
4
47
19
19
19
1
1
1
1
1
72
31
19
19
1
1
102
37
14
4
47
19
19
19
1
40
71
74
19
19
19
19
19
19
14
74
61
1
19
19
19
14
19
19
19
19
19
47
64
5
19
14
14
11
1
4
1
107
71
1
14
4
19
46
11
19
1
14
40
4
4
4
7
2
19
14
1
1
1
4
4
4
4
7
4
122
1
1
1
74
14
4
40
1
19
19
14
1
46
1
19
19
14
47
5
4
1
1
19
19
14
14
81
113
81
85
118
19
14
14
14
35
14
37
46
19
14
14
14
133
14
46
1
1
19
14
14
81
40
19
134
77
14
1
1
40
14
4
1
19
14
77
77
77
14
14
103
14
19
14
14
46
77
34
14
14
31
40
92
14
96
14
14
14
14
107
19
19
34
34
14
1
14
14
4
14
22
47
14
77
34
14
135
1
14
22
22
22
22
44
14
31
95
77
40
14
14
14
14
14
14
14
14
14
14
14
47
96
14
14
14
14
14
14
47
77
77
136
47
1
122
122
47
37
47
37
137
47
137
47
14
25
77
14
96
14
14
138
14
46
14
47
108
14
107
14
44
96
46
28
14
34
34
46
96
74
34
44
34
44
44
44
34
44
44
44
74
102
44
34
44
34
80
44
34
18
34
34
80
80
44
44
125
109
56
44
34
44
44
34
44
14
125
1
47
1
15
15
15
44
31
139
125
125
109
125
15
15
1
44
56
125
45
71
15
40
71
63
109
109
78
4
14
40
56
63
15
40
56
19
19
19
19
19
98
31
74
127
56
19
11
71
140
71
56
19
19
19
11
11
4
1
37
1
141
1
40
56
125
125
20
34
19
19
4
4
40
5
63
20
122
40
19
19
34
1
11
46
4
19
19
142
19
19
1
1
1
71
107
19
19
19
19
19
98
1
4
71
20
80
19
19
132
46
132
4
4
19
19
19
19
19
71
4
4
143
19
19
19
19
19
137
67
40
4
1
40
111
89
19
131
40
4
4
19
14
121
14
4
7
19
19
144
71
40
1
21
61
31
19
19
14
61
4
4
98
19
11
1
14
14
31
1
14
46
19
61
14
26
14
14
4
1
14
14
4
1
1
14
122
1
1
4
14
40
14
26
40
31
19
14
14
14
135
4
111
40
46
89
144
14
47
96
98
107
14
46
1
19
19
14
61
47
85
14
14
1
14
14
14
14
1
14
31
46
53
25
34
1
44
22
4
1
1
14
46
77
25
25
34
34
34
34
34
34
77
14
14
14
14
14
14
98
77
34
34
34
31
19
14
14
19
34
34
40
14
14
31
14
20
47
145
1
34
14
14
14
53
14
37
47
37
122
122
47
37
121
14
47
14
14
96
47
146
122
37
122
77
14
14
14
14
47
4
14
31
34
34
53
14
96
14
96
96
14
4
96
47
44
44
44
44
44
44
80
44
44
44
44
44
77
44
44
44
102
63
44
44
34
147
34
44
102
63
102
56
44
44
80
19
44
44
44
44
34
44
44
125
31
15
14
71
72
56
56
56
2
125
89
5
54
3
1
125
19
11
40
37
40
7
4
46
56
125
31
19
65
53
47
40
19
19
19
1
71
14
40
20
107
40
1
1
1
1
37
37
37
71
19
19
1
71
71
1
1
19
19
19
1
14
40
40
148
138
47
19
19
19
1
71
40
47
74
19
19
19
19
19
19
132
46
40
40
96
1
107
40
74
19
89
19
19
132
1
144
103
40
107
40
40
4
4
74
19
19
19
19
74
4
1
4
4
61
19
19
89
19
19
144
40
1
98
4
149
4
21
40
19
19
1
1
98
40
40
5
19
19
144
4
19
144
14
14
150
19
19
19
19
19
74
65
14
31
1
138
1
4
4
4
19
59
89
26
1
4
122
1
19
5
4
19
19
34
14
4
4
4
31
40
19
14
14
1
19
40
1
113
1
1
144
14
1
1
46
14
1
4
56
14
1
1
11
46
19
19
19
14
74
107
1
46
19
72
77
44
20
25
1
19
14
14
107
77
46
46
46
14
34
34
34
34
34
34
14
14
31
46
53
14
77
34
34
34
34
34
34
34
14
14
14
14
31
46
34
34
34
14
93
14
78
53
14
77
34
34
14
14
1
47
47
78
78
77
77
77
77
14
47
1
37
121
47
47
47
47
122
122
37
37
122
47
86
122
14
14
77
14
14
122
47
123
47
122
122
122
137
122
96
103
96
14
145
14
1
151
14
122
4
30
14
14
34
34
34
44
44
44
34
34
44
34
34
44
44
34
44
44
44
77
80
34
80
44
44
44
34
44
77
34
34
44
34
80
44
102
44
34
63
29
125
109
44
44
152
125
153
31
37
71
34
34
44
4
15
15
154
56
125
15
19
155
156
11
63
157
141
96
96
89
19
19
31
31
102
96
31
63
125
125
31
19
19
89
14
4
56
1
1
40
40
125
89
1
37
37
4
40
125
74
20
40
1
1
40
40
130
11
89
19
1
19
1
1
1
4
40
40
80
158
19
19
89
19
1
1
37
37
58
159
40
40
4
31
89
19
19
19
19
19
114
1
40
40
1
47
71
19
89
19
89
19
19
89
19
19
11
74
14
144
1
47
1
143
98
19
19
1
1
14
40
149
143
133
47
40
74
19
19
19
19
19
19
19
46
46
4
47
31
19
19
19
19
19
4
4
4
19
14
14
98
4
46
5
31
31
19
19
19
14
135
47
19
89
89
142
119
14
151
40
20
4
40
11
4
89
19
72
89
14
19
19
61
40
1
1
1
46
46
160
1
161
19
19
89
14
26
1
1
19
26
5
14
1
46
19
46
46
150
19
5
47
1
77
14
81
1
14
144
14
14
14
14
162
34
46
46
46
46
46
46
46
46
14
14
14
14
46
11
46
46
46
30
34
77
14
31
74
31
122
31
163
46
46
14
34
34
14
14
31
14
14
19
53
46
14
25
34
34
34
34
34
14
37
122
40
77
78
77
14
14
14
47
59
77
77
77
14
31
47
47
47
123
77
77
77
77
14
78
14
31
164
77
14
96
19
46
14
164
14
165
14
14
34
14
166
47
14
1
77
14
14
44
44
44
44
34
34
34
44
34
34
34
44
34
34
34
44
44
102
102
31
63
102
63
34
44
63
102
31
34
63
63
31
63
19
167
40
31
40
168
40
3
47
49
71
56
5
4
4
15
15
87
63
19
34
80
31
127
54
19
169
80
31
56
89
19
54
125
31
56
31
31
19
74
4
71
14
5
19
89
1
1
130
47
5
18
89
1
1
1
146
1
1
1
1
1
47
14
4
47
49
47
19
19
89
1
1
1
4
19
19
89
89
19
89
19
19
14
170
37
96
14
4
19
19
19
19
1
4
14
47
143
4
1
1
171
19
172
19
19
19
1
1
14
47
4
4
47
47
89
46
46
19
44
1
96
47
47
129
19
19
19
138
20
173
5
19
83
89
19
14
14
47
4
19
14
98
40
61
48
19
14
40
14
40
7
5
47
31
61
61
14
144
4
3
46
1
4
46
19
14
14
174
14
1
1
1
160
1
14
5
14
1
1
1
1
14
81
37
1
1
46
46
1
46
14
14
14
4
35
107
46
46
46
46
14
14
107
113
14
14
35
46
46
46
46
34
14
14
84
47
77
1
30
34
14
31
31
77
46
46
78
34
34
34
34
34
34
34
18
122
122
44
46
77
34
34
34
34
34
34
34
77
14
77
14
34
34
144
14
14
47
25
77
25
14
14
14
77
40
77
77
14
44
96
96
77
77
77
14
14
46
14
14
34
14
14
14
14
53
53
14
14
77
34
53
53
96
14
4
14
107
44
34
44
44
34
44
34
34
44
34
34
34
34
34
34
34
34
34
44
44
77
102
102
102
77
122
77
77
102
63
29
102
5
102
34
34
74
125
109
71
34
63
19
19
63
125
125
63
19
127
46
74
31
56
89
19
71
72
71
175
56
175
89
19
19
1
46
176
20
20
1
1
1
177
40
89
19
1
1
1
1
1
40
4
40
89
19
19
19
19
150
178
40
1
47
47
179
47
37
1
19
19
19
1
89
89
122
47
37
14
19
150
14
89
4
4
1
40
47
46
19
89
89
1
46
20
47
40
14
83
1
46
98
1
1
1
19
46
1
19
19
46
4
143
47
19
89
19
1
4
14
19
19
19
47
1
22
16
19
19
19
14
14
46
14
46
31
1
19
157
14
14
14
14
1
46
14
47
14
89
1
14
46
14
14
14
31
89
46
4
35
35
145
46
58
46
46
46
46
46
14
84
35
46
46
46
46
95
46
31
122
34
14
14
180
46
46
46
46
46
34
34
25
44
14
93
77
47
34
34
34
34
14
14
14
14
14
144
14
77
77
14
96
96
77
14
14
14
14
31
14
14
181
47
14
77
34
44
34
34
34
34
34
34
34
34
63
34
34
34
34
34
34
44
34
44
26
56
34
47
102
102
102
34
34
34
34
34
102
31
34
34
34
44
56
125
125
74
54
182
168
109
109
75
71
34
34
56
102
56
153
168
34
34
31
74
74
125
74
11
72
74
63
5
61
63
31
11
19
11
80
109
125
19
72
72
72
72
5
5
125
125
31
19
1
135
40
40
40
125
5
40
19
89
19
1
49
37
11
31
19
19
1
1
37
7
89
1
40
19
89
89
37
37
47
40
19
1
1
1
169
1
1
1
47
37
37
122
47
47
153
19
19
1
46
1
1
40
183
19
89
1
37
1
37
53
19
72
1
37
1
108
47
1
1
37
37
19
170
89
83
47
184
19
1
14
47
3
173
89
19
89
14
47
47
19
89
72
19
19
20
14
160
185
108
19
117
1
160
14
46
46
19
19
161
7
31
5
1
1
61
46
1
144
144
56
31
107
34
1
46
95
186
14
31
31
137
100
47
1
58
46
46
46
46
46
46
14
14
7
31
14
46
58
46
46
4
31
84
187
35
31
14
77
161
34
14
31
34
34
34
34
34
34
34
34
34
34
31
53
34
34
34
34
34
34
34
96
188
96
96
96
96
96
96
107
34
77
14
14
14
188
47
188
96
96
96
188
188
96
96
96
96
96
96
96
96
96
96
96
96
96
47
96
25
25
188
188
96
96
96
96
96
96
107
96
96
14
96
96
96
96
96
77
77
77
14
96
96
96
96
189
96
96
96
96
107
14
31
96
96
96
96
96
96
96
96
96
96
96
96
77
96
96
96
96
96
96
14
14
44
14
14
14
96
107
20
96
14
190
14
31
14
34
34
34
34
102
34
34
34
34
34
34
34
34
34
34
34
63
77
34
102
109
34
109
56
127
191
74
31
54
74
102
192
125
125
125
125
34
74
31
19
44
34
34
125
125
109
125
109
74
56
63
72
31
193
5
56
125
31
56
125
31
56
4
89
19
71
44
5
63
125
56
31
56
19
19
72
74
74
31
31
63
109
109
1
19
167
71
125
31
56
19
19
117
19
19
40
31
40
31
19
72
194
1
47
137
40
74
46
19
195
122
71
107
117
89
89
19
19
1
40
47
89
19
1
1
1
1
1
37
46
137
71
47
1
1
138
37
37
37
47
47
1
1
1
196
37
37
148
1
1
1
1
37
47
121
37
14
47
148
31
40
47
197
47
46
5
54
5
31
5
71
98
1
46
46
5
5
5
5
31
5
5
31
5
5
5
5
117
37
138
1
47
5
183
5
5
5
5
5
2
3
5
5
5
5
5
46
89
144
1
3
3
5
5
5
3
3
3
3
3
3
3
3
19
19
46
89
72
46
5
3
3
3
3
3
5
3
3
5
3
3
3
3
3
3
47
1
3
3
3
3
3
2
19
89
3
89
19
89
53
14
19
46
14
4
14
14
46
46
160
160
160
46
14
3
46
46
46
89
186
5
1
1
186
95
46
46
46
46
46
46
46
14
14
77
46
46
46
46
1
14
31
46
53
14
31
46
30
31
14
34
34
1
1
46
188
96
96
46
34
34
34
34
34
34
14
14
46
188
96
96
96
198
96
96
96
96
28
96
96
96
96
34
188
188
188
96
96
96
96
96
96
96
96
96
96
96
96
96
96
96
96
14
14
14
14
96
96
96
96
96
96
96
96
96
96
96
96
96
96
14
96
96
96
96
96
96
96
96
96
96
96
14
44
34
96
96
96
96
14
53
77
96
96
96
96
96
96
77
77
14
31
14
120
77
31
138
14
14
14
107
138
181
14
77
34
34
34
34
34
34
34
34
34
74
34
34
74
34
34
34
31
34
44
34
34
40
74
109
74
74
74
63
34
34
31
31
199
109
34
34
34
56
31
74
56
56
56
56
31
63
107
102
56
102
56
56
102
74
56
56
125
11
34
56
56
56
31
56
56
125
125
109
5
109
109
125
125
3
199
31
56
45
71
34
56
3
102
63
63
63
74
56
56
31
56
56
54
74
56
56
44
44
31
193
102
63
79
79
56
56
56
56
56
31
56
200
56
201
19
19
89
72
89
202
54
56
31
31
109
31
5
125
56
78
72
49
31
56
125
31
56
1
56
19
30
89
74
125
79
125
109
31
107
19
125
40
89
89
19
137
37
89
47
108
148
46
1
46
89
1
1
1
40
89
14
1
37
37
37
150
37
37
47
47
89
46
1
1
1
1
179
1
98
54
5
31
54
89
1
1
47
37
138
37
47
47
5
5
5
31
5
5
5
5
11
5
5
2
5
5
5
5
5
31
31
5
26
31
31
89
89
37
37
37
47
1
31
5
5
26
31
5
31
5
5
31
47
108
1
31
31
5
5
5
31
5
5
5
5
5
5
31
5
5
3
3
11
46
203
46
5
5
5
5
31
5
5
26
5
26
5
26
5
5
98
19
19
65
37
5
3
3
26
74
2
5
5
19
175
3
3
3
3
3
26
3
3
3
3
1
89
96
19
46
53
46
56
11
3
3
5
40
47
105
19
14
19
56
19
96
1
146
46
46
19
160
131
151
47
47
21
46
201
14
47
179
54
204
19
46
2
47
122
168
163
5
46
14
14
205
53
14
14
7
20
46
46
46
46
46
144
14
35
74
46
46
53
19
31
31
53
14
53
46
53
46
34
34
14
96
136
103
34
34
34
77
96
96
34
77
14
96
96
96
96
96
96
96
96
77
34
14
31
31
77
96
96
96
96
96
206
96
14
96
96
96
96
96
96
44
96
96
77
14
46
96
96
96
96
96
96
96
107
96
14
31
44
14
113
107
31
14
34
34
34
34
77
34
34
34
34
34
34
34
34
34
34
34
25
34
34
34
34
34
34
34
34
34
34
34
34
34
77
34
34
34
34
34
34
102
74
207
102
102
102
102
31
3
63
1
47
102
34
34
56
74
31
74
31
56
54
63
31
199
74
56
63
56
56
56
102
56
102
63
208
107
102
31
56
125
74
71
56
31
56
102
102
56
89
72
1
31
125
89
71
44
102
125
49
47
49
1
49
160
47
125
31
125
209
210
180
40
211
54
31
74
31
212
31
89
19
1
1
40
211
31
19
89
89
1
89
89
89
19
1
1
1
122
1
37
47
40
89
1
1
1
47
40
98
47
37
37
37
37
37
37
37
37
47
1
37
37
37
40
47
20
89
19
19
37
37
37
37
37
54
31
5
31
31
54
31
40
89
1
37
37
37
122
47
31
54
31
5
5
5
31
98
122
19
1
37
5
5
5
5
5
19
89
89
1
1
138
213
47
5
5
19
19
89
19
46
46
37
47
47
1
5
5
5
5
5
31
5
4
19
19
71
14
89
89
1
46
31
5
5
5
5
31
19
53
5
31
3
5
5
5
5
5
5
26
31
31
3
3
26
11
5
56
11
89
46
58
5
3
5
5
134
46
56
30
214
186
138
1
31
1
1
46
46
1
4
47
46
46
46
46
46
1
61
46
46
46
46
46
53
53
107
4
31
46
46
46
213
46
53
31
1
46
53
14
150
46
199
14
14
71
4
199
138
30
19
53
34
46
46
46
28
14
109
46
46
46
34
14
14
166
96
46
34
34
34
77
96
44
96
166
96
96
34
96
96
96
96
96
96
96
96
96
96
96
96
44
77
96
96
96
138
96
96
96
96
96
71
44
31
96
96
96
40
14
107
31
107
34
34
34
34
34
34
34
34
74
102
63
207
118
215
199
47
1
34
44
216
56
56
217
125
31
31
74
56
47
168
218
44
44
71
71
71
71
71
44
56
89
44
102
31
56
125
95
71
56
56
49
64
72
191
219
191
150
31
63
31
19
46
89
89
4
47
47
47
47
180
169
44
45
40
125
40
19
14
211
19
19
44
170
47
19
1
47
1
1
1
37
47
47
150
1
47
37
37
37
19
37
37
37
47
37
4
87
31
31
31
31
31
31
5
31
31
40
89
220
1
1
1
1
1
37
37
1
31
31
31
31
31
31
31
31
31
31
47
122
1
47
31
54
54
5
31
28
47
89
1
1
5
31
5
31
5
28
98
117
1
221
31
28
5
5
31
5
31
54
98
47
47
54
5
5
5
5
5
5
31
20
56
46
1
53
5
5
5
5
5
5
5
26
5
47
122
46
5
5
19
222
46
138
5
31
19
5
19
161
46
3
3
19
160
31
14
14
1
161
19
138
138
46
53
31
19
1
46
46
46
46
46
53
53
31
46
53
223
14
1
46
53
53
53
53
96
46
46
28
11
53
185
31
31
224
53
61
31
31
46
46
44
14
31
14
28
28
225
34
144
14
14
14
34
14
14
84
226
96
14
188
188
96
96
96
34
14
96
96
96
96
96
14
14
14
14
96
96
96
96
96
96
96
96
96
96
96
96
96
96
77
77
14
96
96
96
107
14
96
96
96
96
96
165
31
77
31
109
4
44
31
31
77
46
56
56
74
227
63
56
56
191
31
151
215
47
54
63
77
44
44
54
228
199
125
74
125
44
56
56
125
191
71
98
47
44
44
44
44
44
107
11
71
71
71
11
157
218
150
191
4
191
44
44
229
87
5
31
56
72
49
191
40
40
211
56
46
157
47
177
40
40
89
1
89
1
37
122
44
40
1
1
1
123
40
89
1
1
1
37
40
47
37
91
1
37
47
37
122
47
1
1
46
37
37
37
89
1
1
98
1
47
98
31
31
31
31
31
31
230
1
47
31
31
31
31
31
31
74
98
98
46
221
37
47
96
98
5
5
31
31
31
47
231
1
1
37
37
96
31
31
5
31
54
31
5
37
47
47
31
5
31
5
31
5
31
47
4
46
1
71
5
5
5
5
5
31
19
232
46
46
47
26
134
1
47
47
5
1
233
140
140
215
5
11
26
5
47
160
46
46
39
46
5
3
53
1
1
46
3
5
14
19
53
46
46
14
46
46
213
5
31
31
46
46
1
46
138
31
31
31
31
31
46
231
46
46
138
53
53
14
46
89
46
14
46
71
74
74
46
46
46
30
31
31
234
46
46
30
31
31
31
31
31
31
134
14
28
1
14
28
144
14
14
31
28
34
34
34
34
34
14
31
14
96
96
96
96
34
14
8
96
96
96
96
25
77
77
96
96
96
14
96
96
96
96
96
96
96
77
77
77
14
96
96
96
96
96
77
96
44
235
14
213
31
31
40
31
74
31
31
31
54
25
56
56
215
47
40
118
1
40
47
125
125
56
1
5
232
44
44
49
102
236
49
31
102
96
122
31
31
89
72
219
11
44
44
77
54
40
40
56
49
40
237
238
1
37
72
96
40
40
40
89
89
89
1
122
239
37
40
40
1
146
96
178
1
37
47
98
47
1
37
47
122
108
1
1
153
1
31
31
31
109
31
31
31
31
31
31
108
89
117
46
46
47
3
31
31
31
31
31
31
31
31
31
31
31
221
47
215
31
31
31
31
31
31
19
89
89
221
46
46
47
5
54
54
31
31
46
54
31
31
31
47
144
167
5
46
46
1
31
5
31
89
1
46
1
96
5
5
5
2
5
53
46
46
1
26
5
46
3
5
5
5
46
231
26
11
19
19
46
46
234
20
46
222
46
98
46
19
46
19
46
31
31
46
46
46
46
46
46
240
46
53
56
5
186
46
46
53
53
53
53
46
46
46
46
46
53
46
31
31
5
31
74
31
31
186
14
226
165
241
241
28
144
226
242
166
28
14
242
226
166
165
243
28
28
28
96
28
34
34
244
166
28
28
96
96
96
96
34
34
34
34
166
165
166
165
34
44
14
96
96
96
96
96
96
77
14
25
96
96
96
44
25
77
107
113
96
96
96
96
77
96
96
107
77
31
96
96
14
14
31
96
96
96
96
96
77
77
31
96
96
14
31
117
44
31
14
245
40
14
31
31
14
44
107
31
56
31
47
31
25
216
107
107
191
98
56
56
107
47
31
74
74
10
56
31
28
45
71
46
125
236
74
232
246
1
46
63
31
15
49
44
1
47
71
89
98
1
40
40
1
44
44
47
40
98
40
89
89
44
44
44
44
1
247
70
89
1
44
44
44
44
37
107
248
37
47
89
1
57
1
44
44
150
47
47
1
1
1
1
37
47
125
31
74
31
19
160
1
46
31
31
31
31
61
31
61
31
109
31
31
31
31
31
109
31
40
121
1
1
47
136
31
31
31
31
31
109
122
89
160
131
1
1
249
31
31
31
31
31
70
250
31
31
231
31
31
31
72
5
5
5
31
251
45
5
5
74
47
5
5
61
3
74
74
74
31
31
5
26
252
5
5
11
31
74
31
2
112
5
46
46
3
3
3
5
5
46
186
186
46
3
3
26
31
95
186
46
46
46
3
46
46
213
253
46
46
46
46
46
46
46
46
46
213
213
46
19
46
215
46
46
47
31
31
31
31
46
46
46
46
53
31
31
31
46
74
107
107
14
5
74
5
31
188
166
226
226
165
165
165
166
28
1
226
226
226
166
166
254
166
166
28
226
166
166
243
166
165
165
165
255
255
28
28
28
28
165
165
226
226
241
165
165
166
165
165
28
28
28
28
28
28
28
28
96
96
34
34
34
34
165
165
165
165
165
165
165
165
242
96
241
241
166
166
107
34
34
34
34
44
166
25
34
1
77
96
96
96
40
34
96
96
96
96
96
96
96
96
96
96
96
96
96
96
96
96
96
96
96
96
77
77
77
44
96
211
44
44
31
77
107
31
31
125
63
102
56
102
1
47
98
107
180
1
44
159
37
44
177
125
1
1
150
46
31
74
11
40
137
71
49
74
74
40
71
89
1
47
107
40
211
157
71
1
1
177
123
37
4
137
40
98
247
89
1
1
1
47
47
47
47
46
47
47
47
95
44
44
46
63
31
31
63
63
63
31
96
46
44
47
138
31
63
74
31
74
44
136
47
31
31
109
31
31
31
31
31
109
31
31
31
31
31
31
89
47
31
31
31
167
46
1
5
31
31
31
46
5
31
256
46
251
31
30
5
31
3
5
47
98
54
31
46
46
46
46
3
11
5
5
5
46
3
26
86
46
257
14
46
3
3
5
5
258
5
46
46
224
46
46
161
5
46
46
213
31
46
46
56
46
166
56
31
54
30
46
46
56
1
46
47
63
14
31
20
46
166
226
46
46
74
74
74
74
226
243
243
226
165
53
49
74
74
74
226
226
243
96
166
255
255
226
226
226
255
243
166
226
241
166
255
138
28
242
165
226
226
165
28
28
226
28
242
28
169
28
28
28
28
34
25
34
144
226
226
165
166
28
28
28
28
28
243
243
259
166
166
28
28
28
165
96
96
34
243
243
28
28
28
34
34
31
243
166
28
178
44
166
166
166
166
166
96
96
77
44
96
96
96
96
96
96
96
14
166
96
96
96
96
96
96
44
34
44
44
96
96
96
96
96
96
44
96
96
96
96
77
31
14
96
77
31
14
120
14
14
31
31
31
125
56
63
56
102
102
56
102
74
102
102
63
102
74
102
102
74
56
1
10
40
126
63
56
56
44
159
107
125
1
56
74
102
260
45
45
37
31
63
1
1
1
1
1
150
102
150
31
96
1
44
37
63
31
125
1
261
37
96
74
31
71
123
40
122
10
1
47
211
150
199
89
34
1
37
123
40
89
57
72
1
1
47
46
1
46
46
46
31
31
109
31
63
31
31
63
31
63
63
63
63
46
98
47
46
63
74
31
31
31
31
31
74
109
74
109
47
121
160
1
47
31
31
31
31
31
109
31
46
31
31
31
31
31
47
46
31
31
109
46
46
46
31
54
31
31
31
47
31
5
54
54
31
53
46
14
251
5
54
31
54
74
31
46
46
5
31
117
161
46
46
5
5
31
46
46
215
215
53
46
26
5
20
153
46
46
46
5
46
46
46
26
5
26
31
74
74
74
74
31
74
31
26
5
54
5
74
74
31
54
96
96
46
46
46
46
46
5
96
28
262
96
96
96
96
96
46
161
53
53
56
56
96
166
96
166
166
56
56
127
56
74
226
226
255
28
255
28
46
46
46
53
143
107
96
166
166
166
166
166
255
255
166
53
40
31
166
255
255
28
96
37
14
74
20
74
226
226
166
166
166
255
263
166
166
166
166
259
46
46
107
107
74
14
226
226
255
226
166
28
255
166
259
166
166
166
96
263
166
255
96
46
107
166
165
28
28
96
96
166
166
259
166
144
107
28
165
255
255
166
28
28
28
157
28
28
28
28
77
77
255
165
165
165
28
259
28
166
96
166
28
28
28
28
28
107
34
34
259
165
166
166
166
255
259
259
28
28
28
28
107
107
107
243
259
165
259
28
96
34
77
44
44
44
34
120
166
166
166
28
107
44
34
44
44
44
44
44
22
166
166
166
96
96
44
44
44
44
34
34
77
44
44
44
44
44
44
44
44
44
44
44
44
44
44
96
44
44
44
44
44
44
44
44
44
44
44
44
44
44
44
96
44
44
44
44
44
44
44
44
44
44
44
96
96
44
44
44
44
96
44
44
44
31
44
44
44
44
14
47
102
74
102
102
102
264
157
265
251
260
209
157
37
191
216
49
125
125
157
157
209
1
180
45
180
199
1
56
251
70
70
260
180
31
180
45
1
63
125
266
46
1
1
1
1
1
1
1
71
37
28
1
1
1
108
14
236
195
107
47
14
125
137
98
123
1
146
98
1
57
44
34
46
46
191
46
63
46
117
46
46
31
31
63
31
109
267
109
109
109
109
109
31
31
31
109
31
31
31
49
169
46
31
31
74
31
109
168
49
251
31
109
74
31
31
44
157
5
31
31
31
74
74
74
74
31
31
89
47
31
125
31
46
31
74
222
54
74
31
31
31
44
31
31
46
46
31
268
251
5
268
268
53
53
46
5
31
3
5
96
201
46
1
5
5
28
96
166
95
28
46
213
53
5
5
5
31
269
269
269
269
269
269
269
269
263
255
96
270
255
255
96
271
96
186
95
95
95
260
46
56
259
56
5
269
56
56
269
56
166
262
95
46
161
53
269
56
56
56
31
56
74
31
56
269
56
56
56
56
263
157
255
28
95
46
56
56
31
31
31
227
56
5
56
56
226
166
28
46
46
46
31
74
56
56
127
31
56
56
74
74
166
263
95
272
46
107
56
31
226
157
263
255
46
46
46
205
273
153
74
255
255
96
46
242
49
77
77
74
255
255
165
28
166
28
95
165
138
77
77
77
77
255
28
28
165
166
28
28
144
77
77
77
77
77
77
107
77
77
255
34
274
77
275
255
165
255
165
255
28
259
255
166
138
28
96
107
49
166
255
165
166
44
44
44
77
166
166
165
166
166
44
44
44
77
77
44
120
44
77
166
166
28
28
28
166
44
44
44
166
44
44
44
77
44
120
44
44
44
96
96
44
44
44
44
44
44
77
44
77
77
44
14
44
44
44
44
44
44
44
77
44
44
44
77
44
44
44
44
44
14
44
44
44
44
44
44
14
276
276
102
74
63
40
102
125
63
102
102
109
109
157
209
46
102
260
157
46
157
45
260
267
70
277
191
125
251
278
157
70
238
114
266
266
199
47
47
47
125
125
54
260
279
46
46
280
281
47
56
70
282
1
180
249
239
238
47
277
180
1
1
1
1
47
148
157
1
1
170
279
1
1
44
150
122
40
265
1
47
168
71
49
49
122
56
167
137
157
47
126
122
63
49
40
57
57
57
114
47
47
98
1
283
46
46
144
150
46
63
31
47
47
47
109
109
109
144
160
109
31
74
89
221
31
31
199
109
109
109
109
74
74
109
31
31
109
74
31
127
31
31
6
46
46
31
31
74
109
31
31
98
31
284
230
46
31
31
31
53
46
44
166
166
166
46
31
3
2
31
5
263
53
53
46
285
46
46
46
28
96
46
31
31
56
269
54
31
96
165
96
95
28
56
56
56
56
56
5
56
28
96
166
28
95
95
19
46
118
74
5
56
56
56
56
56
56
56
56
56
269
54
166
165
165
166
166
263
186
95
186
46
46
46
46
46
53
269
56
56
5
11
56
166
166
165
166
166
263
95
95
19
149
46
56
31
74
31
31
56
56
56
259
259
186
263
263
96
263
263
28
95
166
46
46
46
264
46
46
56
56
56
74
56
56
263
166
259
255
255
166
95
95
46
46
107
107
54
31
56
31
56
31
74
255
255
286
255
255
96
96
263
95
186
37
46
28
107
166
77
77
255
157
96
166
263
28
186
95
186
95
53
224
28
28
37
77
77
77
77
77
77
77
255
263
165
95
28
138
49
107
77
77
165
255
28
186
165
268
186
186
166
166
186
186
107
107
165
255
28
95
28
95
165
28
165
263
274
165
28
166
77
44
255
165
165
28
44
44
77
44
77
14
44
77
34
34
44
166
44
44
44
120
77
44
44
44
44
44
44
44
46
44
44
44
44
77
44
44
44
44
44
44
44
14
44
44
102
74
109
109
102
109
102
74
102
56
102
56
63
63
102
251
264
56
102
157
102
156
31
70
47
47
102
31
125
45
176
267
157
46
46
180
159
107
107
1
56
125
56
209
54
47
47
199
47
70
186
70
186
150
47
1
107
40
1
98
70
268
1
287
1
1
249
239
47
126
40
277
267
287
150
126
232
232
232
1
1
46
37
150
150
122
47
49
232
1
98
107
49
49
107
79
288
46
121
40
74
49
49
49
49
44
44
289
74
5
74
31
74
49
157
31
74
31
74
74
74
74
74
74
146
126
74
74
74
74
72
89
46
31
31
31
63
222
98
264
180
46
31
31
11
63
89
222
74
74
54
109
109
199
169
46
47
74
74
31
31
86
109
46
46
89
46
46
109
109
260
54
109
31
31
5
3
263
46
46
53
166
263
263
46
46
46
224
46
56
56
263
166
96
263
263
263
46
46
31
31
53
263
186
263
263
186
186
263
46
46
56
31
56
166
166
95
186
1
46
19
166
5
56
255
28
166
95
166
166
46
53
269
61
31
74
269
269
31
56
56
166
186
95
46
46
53
56
56
3
56
166
263
96
166
28
186
28
95
186
46
31
56
56
56
273
56
56
56
56
56
28
255
46
46
46
107
107
56
56
56
56
56
56
28
186
46
213
34
250
255
49
95
95
273
77
77
28
28
255
95
95
95
107
95
95
95
186
95
186
186
186
186
186
186
14
95
186
186
186
186
186
186
186
44
165
166
166
263
263
166
263
263
263
44
77
34
44
120
77
77
34
44
28
34
44
44
77
44
44
44
44
44
290
44
44
109
102
31
102
102
102
109
109
212
109
49
102
212
109
251
209
157
211
211
102
102
5
70
170
47
211
217
3
3
157
157
47
291
125
125
125
74
251
47
292
47
46
292
199
47
216
47
98
293
125
260
157
157
157
1
159
47
157
87
46
121
239
277
180
47
46
157
294
98
98
98
14
1
47
122
1
1
287
249
1
46
157
1
98
78
49
49
49
98
98
141
57
160
47
1
47
295
57
126
98
98
5
49
169
140
74
74
74
74
74
47
47
157
31
31
31
74
296
122
74
222
47
46
125
222
222
222
222
222
222
46
109
297
222
222
222
222
277
222
109
109
222
222
222
222
262
63
31
54
109
109
109
222
222
150
31
31
109
109
149
31
109
109
31
109
109
46
109
31
109
31
28
31
5
3
109
31
117
46
1
46
53
54
56
56
56
31
31
28
166
89
298
46
56
95
95
263
107
46
46
53
31
157
107
247
46
46
56
56
56
247
247
46
89
53
5
56
56
224
49
299
186
49
95
247
247
49
46
46
46
46
269
31
269
300
300
300
300
300
300
300
300
300
26
11
74
74
5
74
31
56
95
157
95
157
49
49
107
46
46
300
300
300
300
300
300
300
300
300
300
300
300
300
300
300
300
300
300
300
95
95
247
49
272
56
300
300
273
273
273
273
273
273
273
273
273
273
273
300
300
273
273
273
273
273
300
273
300
74
96
169
141
95
232
34
107
211
301
273
273
273
273
273
273
273
273
273
49
37
250
107
96
46
186
186
77
186
186
14
186
186
186
186
186
138
186
186
247
186
186
186
186
34
186
44
138
44
44
44
44
44
44
14
102
44
3
2
74
74
266
260
157
47
302
251
238
251
74
26
238
47
49
126
74
238
46
70
125
125
107
150
303
107
125
157
304
157
280
180
239
47
292
49
199
122
157
125
70
157
157
157
157
178
305
292
47
157
157
191
45
98
177
306
157
1
98
98
107
138
279
157
294
1
224
1
1
10
122
247
138
47
47
46
96
191
121
47
160
157
287
160
239
1
114
249
1
121
47
98
49
239
150
150
155
157
1
122
47
74
74
74
122
47
47
47
47
47
121
123
222
31
307
1
47
222
222
222
31
1
117
268
199
46
46
31
31
308
46
46
78
78
78
78
78
78
78
46
31
74
74
109
109
89
1
78
78
78
78
78
46
78
78
78
78
78
78
78
78
46
78
78
78
78
46
46
31
31
63
74
109
109
28
78
78
78
109
109
109
74
31
272
89
46
31
46
238
46
297
46
31
56
46
46
46
309
46
46
46
46
46
53
56
56
56
56
31
224
46
46
53
56
2
31
56
56
56
56
107
96
46
46
96
46
273
273
273
31
53
53
54
74
74
300
300
46
53
46
46
46
14
49
300
300
300
300
74
46
95
107
107
273
273
273
273
273
273
269
56
56
53
186
95
273
273
46
5
46
186
31
186
107
56
186
186
186
186
186
56
77
247
245
49
77
77
44
44
44
34
49
28
14
107
107
5
102
5
3
109
31
31
109
109
5
3
49
31
74
310
157
46
109
311
46
46
74
265
312
157
157
157
157
46
191
40
137
47
180
180
47
167
1
199
74
137
137
157
265
292
77
150
1
292
292
191
56
70
157
137
239
292
47
265
157
157
180
1
40
313
293
280
280
280
280
280
121
157
47
107
157
280
280
1
98
287
49
98
37
150
1
287
98
141
239
314
1
287
114
14
49
141
114
114
114
141
167
114
47
47
138
49
57
74
146
47
146
78
74
31
74
56
89
47
31
140
137
89
262
46
251
237
78
78
109
186
220
78
78
78
78
78
78
95
78
78
78
78
78
78
78
78
78
78
78
53
46
109
109
78
78
78
78
78
78
78
78
78
78
78
46
78
78
78
315
46
46
109
219
78
78
46
251
31
31
74
31
316
46
31
125
109
109
74
46
47
161
109
56
31
96
317
70
46
46
46
31
5
46
46
46
46
31
31
46
89
46
46
53
31
56
56
56
56
56
56
56
56
56
56
56
56
56
318
31
74
31
157
46
142
19
19
56
56
56
56
56
56
31
31
239
214
31
56
56
56
56
46
46
56
26
53
107
107
31
161
161
269
31
46
238
46
56
46
96
107
107
14
107
49
274
274
49
49
138
49
63
44
34
77
34
25
34
34
14
14
209
319
2
157
157
212
260
157
191
47
267
46
266
47
320
157
2
277
157
157
70
157
157
46
321
292
292
49
31
322
47
260
157
49
157
157
211
87
126
40
267
277
238
266
238
260
323
178
87
191
122
293
152
324
47
250
157
46
46
260
180
180
49
191
292
180
325
87
199
125
31
70
47
180
10
96
199
199
109
3
157
157
47
280
280
150
280
71
194
209
148
280
98
98
98
47
277
157
157
28
46
98
47
326
222
280
287
260
46
141
141
70
287
327
98
141
47
47
70
167
114
114
114
114
114
114
1
229
37
47
102
146
184
70
114
114
114
114
47
3
114
114
125
3
3
141
114
114
114
37
31
125
125
125
237
114
140
57
328
31
46
126
329
78
114
114
315
46
308
109
98
46
78
78
46
102
31
107
264
264
78
78
46
31
78
46
95
229
74
74
46
46
95
53
53
31
109
109
109
31
31
46
46
96
19
46
46
46
46
96
107
109
330
96
114
46
186
214
46
49
56
31
46
46
46
214
186
107
49
31
74
318
46
46
251
107
56
31
46
19
46
46
46
46
46
46
46
31
46
53
46
70
44
46
186
96
1
46
46
107
213
213
46
46
46
213
161
56
273
46
46
46
138
46
49
46
46
46
107
46
46
46
46
46
46
46
46
34
34
14
266
70
157
126
26
74
74
209
157
157
47
126
10
199
11
237
239
267
10
292
47
1
37
47
292
107
107
47
214
74
74
118
49
157
47
46
266
238
46
46
87
265
313
47
266
70
157
266
331
49
157
265
114
157
157
239
215
98
332
157
180
47
37
266
239
157
107
47
138
157
266
157
157
333
47
47
157
157
262
280
45
280
46
47
137
191
287
287
96
141
239
47
47
98
141
169
47
102
141
157
157
49
114
47
141
239
157
157
96
125
125
125
125
141
262
102
102
109
56
46
180
287
114
46
157
334
46
215
153
46
31
153
46
262
109
308
70
157
46
74
109
70
46
46
46
72
107
46
107
46
186
335
46
31
31
96
336
46
46
46
109
109
49
260
46
46
186
63
109
109
46
46
186
46
46
46
186
5
5
46
70
46
290
74
46
53
44
46
46
46
46
118
46
49
49
144
49
46
46
46
46
49
49
25
34
34
138
46
46
138
247
247
25
46
34
34
14
44
70
186
267
260
238
49
150
266
157
46
251
337
325
126
126
156
156
251
291
251
157
70
157
239
157
292
150
338
338
47
12
126
40
293
47
157
46
49
49
339
338
284
250
340
264
74
250
107
107
46
239
47
341
342
47
343
53
46
70
323
49
344
141
239
239
239
239
122
250
107
122
345
239
346
157
107
267
267
325
107
194
157
47
157
169
157
1
323
237
176
28
47
157
287
167
248
237
347
47
141
47
47
98
102
74
102
102
102
102
102
125
125
260
102
102
102
102
102
102
102
102
125
346
141
47
102
125
47
250
138
169
224
348
46
114
251
14
74
114
46
125
74
114
334
238
46
78
78
191
46
109
109
109
186
262
262
46
63
3
242
89
46
109
109
241
260
266
46
349
46
109
70
46
46
196
264
264
186
186
261
109
46
109
109
46
46
53
161
161
53
46
46
89
53
89
109
260
339
46
46
46
46
264
269
46
46
46
328
31
46
46
161
107
107
25
34
223
143
46
49
274
34
46
46
46
46
46
40
107
46
107
46
34
46
34
291
291
34
34
49
49
31
264
239
157
251
266
157
157
70
157
70
157
229
260
346
350
156
107
229
107
351
126
126
126
47
126
160
346
199
157
107
229
265
265
209
70
238
70
49
264
47
47
126
338
338
338
338
107
107
138
157
264
264
49
239
132
107
107
70
157
157
157
46
239
239
109
126
96
47
239
239
239
239
239
239
239
239
239
239
239
239
239
107
251
28
157
157
150
70
70
141
267
248
47
157
157
157
352
98
157
157
96
169
11
238
1
96
47
47
260
239
49
169
237
237
47
47
157
37
102
141
96
47
102
102
102
102
102
102
102
125
125
125
125
125
266
141
28
70
108
49
125
169
266
49
238
3
5
28
169
353
109
238
46
44
354
125
355
46
267
46
267
46
74
74
3
329
46
109
74
78
46
3
157
78
46
109
255
107
46
46
109
109
46
46
46
262
109
109
46
157
264
53
46
46
46
335
109
70
46
46
251
46
262
3
5
109
63
204
46
53
46
46
46
46
209
19
19
19
56
46
260
260
46
46
56
46
107
46
46
46
224
46
209
97
161
46
63
49
144
107
46
46
356
46
46
49
49
107
46
46
260
46
46
107
56
47
46
46
46
247
138
122
34
46
46
46
247
40
107
34
46
46
79
46
46
46
46
34
161
46
34
46
14
14
14
126
229
186
277
325
70
157
251
191
107
251
138
291
217
157
107
107
291
291
341
291
126
126
70
107
339
291
291
291
291
341
291
291
126
126
291
126
229
126
10
178
157
70
325
157
49
160
47
357
291
291
357
357
238
114
157
264
47
47
47
47
47
358
126
47
47
150
167
47
291
238
49
239
239
239
267
47
277
267
169
239
49
47
107
137
359
157
138
157
157
157
267
262
323
40
215
121
266
47
87
199
168
107
157
186
70
28
157
236
266
157
186
191
191
191
238
334
191
47
191
191
238
191
191
191
191
346
47
137
141
251
70
70
237
47
49
74
237
3
102
125
125
125
260
348
360
238
194
1
102
70
157
1
102
102
353
70
46
348
46
70
49
47
141
232
1
277
46
46
260
46
47
251
46
267
260
214
46
46
3
109
114
46
46
180
74
28
109
109
49
109
46
46
238
208
70
46
46
109
46
46
46
186
107
107
46
46
46
46
46
3
46
46
46
272
46
46
46
46
46
70
46
46
46
154
107
70
46
46
107
107
138
107
46
161
46
46
63
63
161
46
46
46
46
46
46
46
209
46
46
46
46
46
46
107
46
161
107
46
1
361
247
46
7
107
46
161
138
14
362
98
70
157
126
291
293
260
251
291
10
87
138
357
291
138
138
138
138
138
291
10
229
10
293
265
251
157
157
138
10
338
239
47
47
138
138
47
260
157
157
157
47
325
363
264
49
364
239
47
10
47
157
28
157
239
239
239
239
239
150
138
138
138
157
239
239
239
239
107
70
365
96
98
46
122
157
126
126
126
251
98
209
45
166
1
47
47
49
191
157
186
186
47
186
47
47
47
98
98
98
160
47
47
199
239
232
186
327
151
157
277
157
28
186
28
280
47
98
139
260
47
264
237
47
47
47
122
47
169
238
238
238
238
53
102
109
102
109
31
141
141
266
238
238
238
238
238
238
102
125
251
49
49
267
238
238
238
238
14
125
186
49
49
277
46
238
238
238
238
238
238
46
238
266
102
3
232
49
238
238
11
102
267
214
1
180
78
96
222
3
259
46
46
46
46
209
239
277
277
277
46
46
277
277
277
277
46
224
10
277
277
277
70
277
46
46
46
46
1
209
46
47
49
366
250
107
107
56
56
277
277
46
167
301
167
107
46
96
74
56
46
234
46
96
63
56
272
46
107
96
107
138
231
46
107
107
138
138
138
138
107
138
138
107
138
46
46
107
138
107
107
138
138
138
31
46
46
46
107
107
79
267
46
234
46
46
161
46
107
49
46
46
49
49
49
107
107
46
46
46
46
46
49
40
125
46
46
269
367
77
260
47
293
70
157
78
40
107
10
292
338
126
313
368
157
238
49
49
369
260
266
239
191
46
266
70
70
239
239
239
137
157
239
239
293
266
161
180
238
238
157
157
238
238
238
238
260
260
370
371
343
28
186
96
238
98
141
157
186
28
96
157
47
238
239
126
98
98
47
49
169
157
28
47
327
47
70
260
47
47
266
141
95
238
311
107
137
70
238
372
238
122
3
3
102
102
70
141
247
238
238
238
277
47
37
53
180
238
70
70
49
49
373
70
260
260
264
267
250
366
102
102
157
49
49
238
260
47
3
102
199
266
141
96
46
238
238
180
125
141
238
238
46
102
5
282
157
141
277
277
277
260
264
141
277
277
277
277
80
3
3
3
3
3
3
3
277
46
3
3
3
3
3
3
3
28
277
277
74
3
109
277
277
277
46
277
277
277
46
277
277
46
89
277
277
251
267
266
374
196
167
46
46
224
46
49
211
5
74
37
267
224
19
56
102
46
46
262
46
224
46
46
46
138
148
46
46
46
161
138
138
138
138
107
138
361
107
46
49
107
107
361
46
49
46
107
49
107
107
14
274
107
46
14
46
138
80
210
362
210
157
157
126
209
46
238
293
293
260
114
293
293
157
209
239
157
107
10
338
293
293
157
239
49
167
157
139
137
70
260
157
157
98
363
157
157
40
157
157
260
47
157
157
260
260
260
47
47
251
157
169
157
70
157
260
47
47
47
47
375
375
238
260
47
325
47
47
47
98
70
47
157
95
266
186
180
260
260
260
264
260
264
264
47
1
260
49
191
45
28
260
47
47
260
47
37
157
239
47
47
260
263
49
47
47
260
264
70
141
28
89
49
260
260
47
47
37
180
49
49
260
260
260
260
267
260
260
102
70
267
260
260
267
260
260
260
260
260
191
260
107
98
74
28
1
260
260
260
102
125
141
277
125
109
28
28
28
277
277
125
46
102
238
251
46
124
125
5
46
376
46
46
309
31
46
209
46
47
251
11
11
19
11
19
19
312
46
46
46
53
224
46
19
209
46
224
377
138
138
46
195
138
107
138
138
46
138
138
264
107
107
138
49
107
138
161
49
49
49
341
161
378
107
266
89
274
107
46
49
266
379
161
46
107
14
80
380
238
126
209
70
157
157
126
126
157
157
49
10
293
251
107
10
338
338
49
107
47
338
293
157
1
157
157
157
126
87
70
209
267
266
260
47
157
376
209
209
45
260
260
260
47
37
161
260
47
232
186
157
157
1
381
280
47
47
137
126
47
232
47
1
232
157
209
46
260
250
250
141
141
107
157
102
102
169
264
14
102
46
251
125
53
107
169
53
125
46
125
102
102
376
96
53
125
102
125
46
267
214
5
79
56
277
46
266
53
56
107
46
251
224
251
224
46
46
46
266
46
251
56
56
224
309
224
138
46
46
49
138
138
107
138
49
224
46
291
138
138
138
46
49
96
107
266
46
70
161
161
49
107
46
46
161
107
107
46
49
49
361
161
161
161
274
382
46
107
107
107
71
49
144
144
107
46
107
107
161
49
107
80
19
80
266
157
209
266
70
157
251
229
229
383
229
229
229
229
229
10
126
267
70
368
368
157
49
49
49
107
126
157
384
266
157
191
47
107
157
157
157
363
385
238
47
157
265
265
47
239
47
251
157
47
47
126
37
157
209
47
47
293
70
96
157
140
199
293
157
266
47
70
49
140
47
47
47
47
230
157
70
28
47
47
47
250
47
251
70
107
95
266
157
264
250
267
267
150
47
266
266
266
267
250
251
157
70
46
102
102
169
157
46
70
53
102
102
70
141
1
14
102
28
169
264
232
46
167
80
169
46
46
224
70
125
71
46
209
251
251
46
72
102
46
102
56
102
96
46
46
107
209
161
351
225
107
46
46
341
224
224
224
224
46
49
37
209
49
229
150
46
49
49
229
49
49
107
49
107
49
49
46
161
161
161
107
107
144
144
107
160
107
107
107
80
80
80
80
19
80
80
80
80
80
80
80
209
293
293
260
157
107
46
107
265
10
228
266
157
126
157
266
157
262
266
266
70
323
365
160
49
191
157
28
157
260
363
365
191
191
191
325
157
126
157
239
70
209
209
238
238
325
157
386
264
107
70
266
209
266
209
49
261
387
388
157
266
180
47
70
266
266
266
209
161
209
28
266
47
47
47
47
47
47
47
157
157
266
267
157
49
47
49
47
47
47
47
46
157
95
47
199
222
99
99
267
267
389
141
169
70
47
251
267
266
169
282
267
70
46
342
141
169
282
267
169
46
383
46
266
160
125
125
169
125
125
266
46
74
125
96
161
72
125
53
74
46
224
46
107
224
107
46
266
225
49
107
138
234
251
49
49
107
138
213
224
46
49
138
11
49
107
138
46
46
107
107
161
161
49
49
80
49
107
107
61
107
160
142
161
161
80
161
107
80
390
80
80
80
142
80
11
80
80
72
80
80
19
80
19
80
142
80
80
80
14
14
142
19
80
80
264
211
70
78
343
266
293
157
157
264
70
46
49
325
313
157
49
191
265
365
146
1
191
265
266
157
157
365
49
126
47
157
157
238
365
191
191
49
264
266
157
157
47
47
157
180
191
157
160
160
70
157
28
260
209
150
199
122
70
209
47
342
199
251
157
157
99
169
47
47
199
157
266
266
135
264
230
70
70
70
266
391
49
250
70
267
267
267
267
267
267
267
267
267
267
141
28
141
266
47
169
392
169
266
1
70
70
266
169
169
169
141
70
169
266
70
209
46
251
251
266
169
28
266
209
46
46
141
169
266
46
46
28
266
46
53
152
96
28
1
53
80
46
15
161
107
195
19
264
107
224
224
46
49
47
19
224
49
107
265
122
49
274
70
107
49
107
107
213
49
49
80
390
161
161
161
161
161
161
107
46
390
390
107
80
80
80
80
80
80
19
80
393
80
80
80
80
142
80
393
72
80
80
11
80
371
49
224
264
266
368
209
264
264
209
264
311
11
209
70
238
157
157
157
293
342
157
251
157
46
122
126
150
224
191
126
160
157
70
157
46
191
40
157
266
157
209
49
191
238
49
209
238
209
209
47
49
37
47
47
157
157
232
209
224
47
122
137
383
47
107
37
47
266
266
209
209
209
49
47
70
157
157
157
47
107
150
157
47
157
70
47
47
150
266
157
70
266
391
49
49
49
49
49
264
250
98
169
157
49
49
49
186
266
95
169
267
267
28
266
169
169
267
46
266
266
169
209
161
394
209
209
209
209
209
264
53
46
284
53
70
169
169
209
209
209
209
209
209
209
209
209
209
209
209
395
284
209
209
209
209
209
46
46
396
266
209
209
209
209
53
169
157
46
267
40
232
107
1
107
138
224
107
107
49
229
49
107
331
49
49
107
80
46
72
397
72
161
49
49
49
107
49
107
107
161
107
142
390
80
46
56
80
14
160
72
142
224
19
80
80
80
72
80
80
80
80
72
72
371
398
49
264
264
12
157
157
264
46
49
210
251
157
157
209
325
229
191
156
228
49
126
266
157
267
157
157
209
70
157
262
191
191
191
49
191
191
191
191
49
107
266
70
260
49
191
191
191
191
191
191
191
191
191
191
49
191
146
399
191
191
191
191
137
266
70
157
364
191
191
191
191
191
191
191
191
157
157
191
191
191
191
199
157
320
191
191
191
47
47
47
47
239
251
157
260
209
267
49
49
264
191
264
264
264
264
264
264
264
264
47
47
47
209
209
45
264
264
264
146
157
157
209
266
118
47
47
277
117
70
157
238
71
47
47
78
157
266
266
266
49
47
47
355
209
209
264
250
266
70
209
209
70
209
49
46
264
70
70
266
169
266
70
316
224
264
224
400
383
400
224
266
70
209
209
70
232
209
224
309
161
224
186
169
266
266
266
266
266
266
266
266
266
266
266
266
266
266
266
266
266
209
209
209
224
161
161
161
224
53
169
70
70
266
266
266
266
266
266
266
266
266
266
266
266
266
266
266
266
266
266
266
266
266
251
169
70
266
266
266
266
266
266
209
266
232
266
266
266
266
266
266
266
46
46
46
266
266
266
266
224
107
80
72
264
49
107
384
46
1
229
107
107
229
229
401
138
335
107
46
231
107
46
49
402
49
49
46
107
72
49
49
19
161
107
107
161
80
161
80
80
80
89
80
80
393
142
80
80
80
80
19
386
264
264
10
311
398
167
49
311
380
264
293
386
386
311
209
70
157
47
157
191
191
126
191
191
191
191
191
157
157
191
191
191
191
191
191
191
191
191
191
191
191
191
191
191
229
49
157
191
191
191
191
191
49
191
191
191
264
191
191
191
238
157
191
191
191
191
191
191
191
191
191
191
191
191
157
225
363
191
191
49
70
157
157
191
264
264
107
47
343
137
137
209
191
264
264
264
264
264
264
264
264
264
264
383
209
264
264
264
47
199
49
264
264
264
251
222
70
267
209
70
167
49
267
47
224
118
224
232
266
49
47
224
224
70
1
70
70
70
70
251
70
267
224
157
47
169
169
266
266
266
70
70
267
266
70
96
70
107
107
266
266
266
266
403
266
266
266
266
266
266
266
266
266
266
266
266
266
49
266
266
266
266
266
266
266
266
224
266
266
266
266
266
266
266
266
266
266
266
266
266
224
224
161
224
251
251
266
266
266
266
161
224
107
150
266
150
47
231
351
49
14
264
49
386
107
351
160
80
46
72
72
72
49
367
107
107
72
49
49
107
46
72
107
46
107
390
80
46
401
19
80
72
80
72
393
19
401
19
19
19
10
264
264
264
264
264
264
367
167
47
167
211
49
211
264
311
264
264
264
264
264
264
211
72
49
49
367
191
210
264
264
264
264
264
49
367
311
70
264
264
264
264
210
157
264
264
70
157
78
264
264
264
264
264
264
264
191
191
191
191
191
264
264
264
264
264
264
191
191
49
238
157
157
209
264
264
191
191
191
264
251
157
209
264
264
264
229
157
70
191
404
191
191
191
191
191
264
49
191
191
264
363
363
363
363
363
191
264
47
157
98
191
277
251
47
1
191
366
199
157
191
264
264
264
70
157
264
264
264
264
160
250
157
157
49
191
264
264
264
264
264
264
70
264
107
107
107
384
107
382
70
118
224
405
70
267
96
251
224
251
370
169
266
70
47
267
70
70
70
70
70
301
224
237
47
47
47
224
224
224
224
224
70
70
70
70
70
70
70
70
107
70
70
47
266
266
266
70
70
70
70
70
70
70
224
406
251
266
266
70
70
70
224
107
169
266
70
70
98
266
266
266
266
266
266
266
70
70
49
211
49
49
266
266
266
266
107
28
266
49
70
70
70
70
70
70
70
70
70
70
70
70
70
70
70
70
70
70
70
70
70
70
70
70
70
70
70
14
70
70
70
70
70
70
70
70
70
70
70
44
70
49
264
311
407
224
49
19
180
118
144
408
107
213
118
72
46
18
161
161
161
161
80
161
397
80
72
80
80
142
142
142
19
19
80
80
10
325
264
264
311
311
251
264
264
264
362
46
311
264
264
191
191
251
264
264
191
264
191
191
398
325
264
49
229
157
264
191
264
191
229
49
251
191
157
363
191
191
191
191
191
191
191
264
363
363
363
49
238
191
191
157
239
264
264
250
191
191
264
114
239
264
264
47
157
264
264
169
107
157
157
267
327
70
70
49
224
211
251
267
47
47
70
70
153
70
406
224
387
169
266
224
211
387
343
266
266
161
224
211
169
266
107
98
169
169
70
70
70
70
266
107
107
107
169
70
70
70
70
70
70
46
107
70
70
70
70
46
70
70
70
70
49
70
70
70
70
70
70
70
224
70
70
70
309
409
89
208
49
89
224
224
224
80
80
80
34
80
213
410
49
49
397
161
161
409
72
161
409
142
72
142
142
89
80
393
142
80
44
72
44
80
15
210
210
210
311
210
209
46
311
210
157
191
264
411
364
277
209
191
49
107
265
169
191
191
191
157
70
363
363
363
363
363
363
363
412
157
238
1
363
363
363
363
413
191
380
229
157
191
191
157
266
239
320
280
191
264
264
157
191
191
264
264
264
157
157
264
251
157
107
157
167
414
250
157
157
157
157
70
71
107
122
150
157
70
150
98
250
150
224
131
169
169
169
169
70
70
400
169
169
47
251
70
70
251
169
266
70
251
251
251
251
251
222
251
383
169
141
4
342
169
251
251
251
266
70
70
28
70
70
70
160
70
49
72
72
80
96
49
44
161
161
161
161
415
416
72
72
72
72
161
72
161
45
161
409
417
161
161
161
161
401
409
89
142
80
142
72
397
142
34
72
80
142
19
44
390
80
397
80
80
89
418
311
157
191
191
191
404
167
209
157
363
363
229
10
157
363
362
419
363
363
191
157
363
157
157
191
107
169
1
114
157
157
49
107
277
157
266
260
191
157
49
49
157
222
238
251
46
251
46
49
98
169
266
383
224
251
251
47
251
266
251
251
251
251
251
251
169
169
224
251
224
251
224
334
251
107
277
78
70
160
251
219
376
49
157
224
49
72
132
70
46
367
367
72
80
224
49
49
72
44
161
150
80
44
142
72
142
142
161
161
397
397
161
161
80
142
161
161
80
80
161
80
393
142
80
142
80
142
210
311
311
420
311
210
311
362
126
311
264
311
210
167
210
191
157
157
191
49
210
363
363
421
157
157
239
363
49
167
167
229
49
191
363
49
367
146
199
229
28
209
363
167
146
157
266
363
137
157
157
49
157
157
342
157
96
266
250
157
320
383
251
28
70
49
239
251
169
107
334
169
70
251
95
251
251
169
224
266
98
169
169
70
346
169
107
180
224
150
150
46
19
72
72
180
72
80
161
80
161
161
46
401
142
142
397
161
46
142
71
161
161
142
80
210
311
368
157
229
210
191
107
363
229
363
49
167
419
367
71
422
157
209
146
167
167
13
49
371
49
405
157
157
371
49
157
167
107
157
157
209
267
157
239
169
167
157
157
157
157
169
169
157
209
124
157
157
331
277
287
251
224
224
224
224
98
169
107
251
47
160
70
72
229
72
15
11
46
80
161
161
72
80
309
72
19
142
161
150
161
161
397
161
161
210
311
420
311
362
311
157
238
49
152
209
262
49
49
211
157
262
211
47
385
49
367
423
211
157
157
1
157
49
371
210
157
157
78
386
157
46
49
157
251
424
157
49
157
28
211
167
211
78
334
211
118
160
157
383
118
224
118
251
118
169
150
376
49
49
160
161
49
216
11
72
72
142
72
161
161
161
161
161
161
161
161
80
89
71
311
311
425
311
210
210
383
264
311
276
277
157
157
157
49
239
222
157
423
49
49
371
238
46
49
319
157
386
386
49
426
57
70
383
49
89
49
49
71
157
169
224
371
161
224
169
169
169
160
157
224
160
169
1
427
169
383
160
224
49
160
224
428
49
224
371
107
46
72
72
45
72
161
161
397
142
142
161
161
161
161
80
393
420
191
157
210
311
311
311
311
311
368
49
265
209
157
157
157
157
267
222
157
157
70
157
49
211
429
211
232
430
49
375
49
224
224
224
46
371
277
211
169
49
71
373
169
1
232
80
28
169
224
251
72
89
431
45
224
167
211
224
53
224
267
11
161
161
132
161
161
72
72
72
72
80
161
72
161
161
161
161
161
161
397
142
161
161
161
161
161
161
161
161
161
311
362
432
210
311
210
157
209
157
157
157
157
157
238
157
239
191
429
157
167
49
351
157
429
211
224
169
169
287
169
160
169
28
211
224
224
160
224
251
150
224
224
276
211
211
89
211
211
211
167
167
211
89
374
301
45
224
107
161
161
161
72
72
161
161
161
161
161
72
161
72
72
416
161
161
161
161
161
161
161
161
161
161
161
80
362
362
311
157
311
209
311
157
433
114
239
239
260
251
157
157
157
167
157
167
157
167
424
49
49
320
169
169
224
251
224
46
160
211
224
224
374
224
224
224
161
376
72
72
161
161
161
161
161
80
196
191
362
360
157
434
191
157
232
157
157
49
157
351
239
435
157
167
329
224
167
431
224
224
224
107
276
71
71
224
224
224
224
224
160
224
160
224
46
224
211
224
161
161
80
229
239
157
157
49
157
436
169
157
157
178
157
144
224
157
167
167
157
167
157
157
437
211
169
157
157
169
57
224
224
46
370
438
362
311
210
114
49
157
157
89
167
251
224
293
49
72
157
157
389
157
351
167
178
169
169
371
211
160
237
429
374
167
195
211
224
224
160
161
150
161
439
397
161
46
157
157
157
157
222
70
49
277
157
57
211
211
152
157
157
440
141
277
441
377
392
253
169
208
72
442
157
157
239
114
157
178
211
211
222
157
443
222
169
287
169
169
96
224
118
11
337
444
276
383
251
157
157
239
178
169
211
211
169
287
169
118
169
178
224
445
301
161
383
209
157
270
178
157
222
178
157
178
157
178
178
11
446
118
186
157
157
169
169
344
169
46
89
319
191
178
157
287
178
211
442
157
169
157
157
421
71
44
1
46
46
44
44
160
45
191
191
44
56
44
44
44
44
109
107
77
77
44
120
44
44
44
44
44
44
44
44
269
56
166
77
44
44
44
44
56
44
44
44
120
44
56
44
273
300
107
37
11
11
5
28
11
438
11
11
37
19
11
11
37
19
11
14
14
14
4
4
75
19
73
11
34
34
34
34
34
34
34
34
4
29
11
19
19
19
19
15
97
46
447
53
19
22
19
19
151
34
34
34
34
34
34
44
34
34
34
34
34
34
34
34
34
34
34
34
34
34
34
96
96
1
37
11
11
37
37
11
29
71
14
19
14
19
44
34
34
34
25
25
34
44
44
44
34
34
34
34
34
34
34
34
34
34
44
166
14
45
31
1
19
4
19
19
14
19
14
14
34
34
25
44
34
34
34
34
34
44
19
46
19
19
4
34
14
107
34
44
25
25
34
34
34
44
4
44
37
1
4
44
34
34
44
1
77
77
77
34
34
34
34
34
34
44
44
44
44
44
44
77
19
2
44
4
4
14
1
1
14
77
22
77
77
77
77
77
77
77
77
77
77
77
77
77
77
77
77
77
77
77
34
14
34
77
77
77
44
44
45
44
4
4
109
77
77
77
77
77
77
77
77
77
77
77
77
34
44
34
34
44
25
34
34
34
34
34
34
34
34
25
77
34
44
44
44
44
44
37
37
19
1
14
77
77
77
77
14
34
77
22
44
44
44
34
34
34
44
77
77
34
34
34
77
44
44
44
44
371
44
34
44
44
46
96
77
77
77
77
77
77
14
77
77
44
34
44
34
34
34
44
34
44
44
1
1
1
1
1
44
44
1
14
34
4
44
77
77
44
34
34
34
34
34
77
44
44
44
44
34
77
44
44
44
34
34
34
34
44
44
44
34
34
34
44
44
44
44
44
44
219
180
159
44
44
77
44
44
44
44
44
4
65
44
167
46
77
77
77
107
77
77
34
34
44
44
25
25
34
44
77
44
44
44
44
218
44
44
44
44
44
44
150
14
77
14
86
14
44
44
34
44
34
34
34
34
44
44
89
142
1
46
1
44
34
34
14
77
34
138
34
34
44
44
44
34
77
44
44
44
34
34
4
1
74
14
34
34
14
34
34
34
34
44
34
44
44
44
34
44
44
34
34
157
1
77
14
34
34
34
44
77
34
34
1
126
14
209
46
44
34
31
77
53
77
77
34
34
34
34
34
264
31
77
77
28
44
44
44
180
37
1
1
1
56
34
35
31
14
107
44
46
25
109
96
31
34
34
77
77
77
37
31
1
300
77
77
77
180
46
40
266
122
273
77
266
40
47
191
1
156
1
46
46
448
28
31
251
5
240
28
169
165
166
166
95
263
122
3
26
46
28
28
226
166
255
449
169
159
150
168
123
46
46
226
226
166
102
102
102
102
191
291
1
1
1
74
31
98
264
251
31
56
95
46
96
165
96
28
450
44
63
291
260
70
1
342
121
49
260
186
70
31
186
186
186
186
186
186
239
49
28
276
157
209
260
160
47
74
109
186
186
49
186
186
186
186
74
138
102
157
3
126
284
46
191
107
47
205
231
47
46
167
263
263
186
49
95
186
186
277
157
186
186
44
238
98
157
157
338
121
122
157
293
291
47
95
19
245
186
209
157
209
277
138
47
47
1
74
46
250
47
157
152
47
72
46
224
96
53
262
157
260
157
157
451
284
126
10
280
47
237
47
28
348
291
291
291
291
46
46
238
126
47
266
266
224
293
452
46
191
191
265
46
264
264
46
46
46
328
46
209
49
49
325
291
325
453
229
89
239
47
391
107
157
239
102
47
102
107
138
291
266
70
209
229
157
239
49
237
454
53
195
70
291
291
293
157
126
157
157
332
70
138
380
126
251
131
260
169
266
293
232
266
89
11
167
10
266
161
238
46
368
157
169
157
266
49
363
47
264
264
264
264
264
191
157
266
251
264
264
264
211
191
224
49
325
47
70
157
49
157
267
157
125
125
383
209
46
161
293
229
157
229
191
28
161
267
191
191
367
419
157
161
47
417
47
99
19
46
219
387
49
11
14
72
264
157
365
250
266
267
157
161
107
231
19
142
25
191
264
365
70
169
239
209
124
209
150
107
45
11
264
191
264
191
49
264
264
264
264
191
191
191
264
264
264
264
264
191
363
264
264
264
191
264
191
49
191
264
191
191
191
264
191
191
191
191
191
264
191
191
191
264
264
264
264
191
191
264
264
191
191
264
191
191
191
264
191
191
191
264
264
191
264
191
191
191
191
264
264
191
264
264
191
157
47
53
266
224
264
264
167
311
264
191
191
191
264
264
191
191
191
264
191
264
191
191
264
191
264
264
264
264
264
264
264
157
264
264
264
264
363
209
251
267
397
264
167
264
311
264
264
264
264
191
157
264
264
70
70
49
277
28
70
224
264
70
264
191
47
46
169
169
380
191
267
386
363
222
224
309
161
161
80
157
107
362
10
251
161
160
161
161
191
167
229
363
167
71
348
157
169
311
386
45
161
161
311
325
157
455
232
49
142
161
397
362
311
311
157
5
157
160
169
5
45
45
161
456
122
311
210
157
167
72
383
224
221
161
224
224
224
319
178
457
4
383
157
217
11
11
11
22
11
19
19
19
11
19
19
11
11
5
3
11
19
3
11
11
11
11
11
4
37
11
11
11
19
19
19
7
19
19
19
19
18
22
11
19
4
7
14
4
22
19
11
4
11
11
19
19
19
19
1
19
11
11
4
4
4
4
5
40
458
17
22
7
7
68
19
19
19
30
19
4
4
19
11
5
4
19
19
11
19
19
19
19
14
19
19
81
4
81
19
459
4
4
11
47
46
4
19
46
19
11
19
19
11
22
11
19
19
19
25
4
19
4
4
4
19
19
4
54
5
5
19
19
19
19
1
19
4
19
19
19
14
19
31
81
4
81
14
19
4
11
1
1
46
4
4
22
14
4
22
103
34
150
4
45
11
1
19
19
19
19
22
14
22
22
4
56
4
19
19
11
14
7
81
4
40
14
93
22
125
19
37
19
19
19
4
40
14
5
65
19
4
21
19
7
72
123
22
14
71
67
19
19
19
19
1
19
2
22
460
461
7
19
20
117
20
3
3
19
19
46
14
22
46
166
96
47
28
19
19
40
71
130
46
131
89
37
47
53
166
166
14
63
71
89
7
1
1
47
14
96
239
79
5
14
45
125
19
291
19
37
19
31
31
53
5
108
7
102
56
56
462
40
180
180
1
19
46
14
40
122
463
96
464
157
151
1
84
40
1
96
96
74
5
49
31
74
96
28
96
96
96
96
102
72
102
139
89
121
31
46
265
3
5
165
96
96
89
180
346
47
98
3
5
186
186
233
37
96
96
255
96
229
219
47
47
31
277
2
451
31
237
255
46
74
46
96
137
70
160
126
98
45
126
46
264
386
80
224
49
191
72
224
246
416
224
19
34
4
19
19
1
14
7
22
5
34
34
19
103
14
14
34
34
34
34
44
44
1
14
14
213
4
1
44
14
19
77
44
89
19
19
77
77
77
77
77
77
44
44
89
71
71
77
34
44
1
47
292
46
107
56
44
56
56
126
250
210
210
56
31
56
300
40
19
11
14
5
4
5
11
5
47
45
14
11
19
19
45
4
4
11
4
4
34
34
34
19
144
4
1
14
4
7
7
39
77
14
14
14
34
34
34
34
25
14
46
107
107
46
53
46
49
34
14
77
4
45
45
45
19
4
14
4
31
34
34
34
44
44
34
44
44
34
44
44
34
34
34
34
34
34
34
34
34
34
34
44
44
44
44
44
44
34
34
34
34
34
34
34
44
34
34
34
34
44
34
34
34
44
34
1
1
1
47
46
19
46
4
4
37
47
1
46
72
14
14
15
72
46
77
77
34
44
45
14
77
77
77
77
77
77
77
77
25
77
77
77
77
77
77
77
77
77
44
77
77
44
1
1
71
71
4
15
1
71
46
1
1
45
54
14
34
34
157
107
77
34
34
34
34
44
44
77
44
44
15
14
107
34
14
77
44
44
44
34
44
44
44
14
40
44
15
56
14
47
34
14
44
87
14
14
120
14
44
1
40
46
19
96
74
37
107
107
107
98
47
264
229
229
107
325
325
325
47
45
14
46
107
47
31
14
96
96
157
1
46
44
14
31
31
63
191
191
31
5
251
14
107
213
161
46
180
224
406
293
40
98
157
325
46
46
46
49
47
191
87
31
46
325
102
251
239
293
341
341
47
291
325
291
342
342
167
325
251
224
251
325
211
229
157
10
126
264
264
80
224
264
229
159
161
80
80
80
80
44
45
142
191
264
264
191
264
191
264
264
264
264
191
264
191
49
107
224
224
224
157
210
7
7
7
169
7
224
9
11
11
7
7
7
7
7
291
54
37
4
14
4
19
19
14
53
14
92
95
14
45
4
40
47
102
31
180
117
56
47
161
46
107
71
1
224
46
251
159
44
44
229
44
34
14
96
1
74
199
44
14
34
293
291
293
291
338
31
1
157
96
157
267
224
224
169
161
34
22
44
44
44
107
80
250
261
4
11
34
34
28
19
34
14
1
294
34
44
44
77
77
14
46
77
77
77
77
77
77
25
34
44
77
14
34
44
14
44
44
44
44
77
44
14
77
43
44
250
103
34
34
34
229
250
77
107
46
122
139
1
31
81
1
126
210
31
46
46
167
250
47
262
107
157
126
237
465
371
157
348
267
466
19
266
266
191
70
142
191
264
191
107
210
264
209
142
264
70
432
467
157
80
229
80
251
80
80
2
211
11
19
11
122
11
19
19
19
156
19
19
19
11
20
77
46
22
47
30
107
96
74
96
34
44
77
96
44
40
191
47
47
46
238
31
31
31
125
5
46
468
31
46
87
71
49
469
46
46
249
46
274
368
238
46
114
74
46
277
186
186
186
186
186
56
186
186
186
186
157
267
266
49
46
46
107
338
49
46
293
70
470
70
80
70
70
70
266
266
80
28
70
107
264
264
264
264
264
267
160
384
70
70
34
80
80
191
191
264
264
264
266
47
250
70
49
80
80
264
264
264
264
264
264
264
264
264
57
29
18
18
4
7
4
11
11
11
4
4
19
4
19
19
19
19
22
7
14
19
7
26
26
53
19
19
19
11
1
44
14
14
166
46
56
46
224
46
102
264
72
80
19
18
4
19
1
45
96
47
19
77
74
126
11
98
11
14
1
63
44
107
89
89
40
46
107
40
46
144
114
49
125
53
5
1
96
19
89
265
5
26
5
61
125
1
5
5
332
471
31
31
5
47
31
96
34
44
267
390
107
19
107
325
72
47
54
49
96
280
159
46
79
31
1
186
263
107
31
263
157
157
56
31
411
107
365
47
366
126
325
472
322
46
264
10
126
49
277
11
161
10
267
251
47
191
191
264
209
191
264
264
264
264
264
264
264
137
157
407
70
22
2
3
22
11
11
19
19
11
19
19
19
37
11
21
19
56
19
19
19
29
19
33
19
77
77
19
19
22
19
46
19
7
35
56
14
107
46
46
224
169
11
31
54
96
46
56
1
44
77
71
1
80
157
19
7
4
31
11
1
77
77
56
331
161
7
445
46
46
267
250
56
96
53
257
19
47
63
77
37
49
96
19
19
89
202
95
188
96
96
96
464
37
5
3
49
239
464
37
95
46
46
322
322
37
54
89
53
96
56
266
19
47
65
19
390
325
186
4
191
14
14
46
126
4
186
31
40
169
46
5
77
107
264
4
19
56
71
56
157
461
74
186
186
19
161
96
80
80
5
5
77
56
47
411
107
46
34
34
70
19
44
121
5
98
161
215
46
1
1
46
44
29
46
109
31
70
46
56
56
44
44
44
44
14
1
49
44
44
47
46
56
56
107
167
186
1
222
46
14
44
44
47
150
1
107
292
1
5
250
47
19
89
46
34
34
46
251
46
19
157
196
238
325
177
49
157
49
80
34
224
14
229
80
80
80
80
229
157
80
80
224
49
49
49
107
107
264
161
19
47
107
224
390
46
47
224
80
80
267
224
251
107
80
80
44
80
251
80
419
150
46
1
224
416
1
233
211
152
11
11
11
40
4
19
22
19
22
22
4
11
14
11
4
4
19
1
54
11
19
4
19
19
34
19
19
19
102
34
34
44
44
19
14
19
31
125
1
19
1
14
14
14
4
80
1
14
34
44
44
4
44
34
19
28
46
11
96
77
77
77
77
44
44
77
46
49
77
34
77
44
134
77
34
63
44
1
251
264
46
186
411
98
87
157
80
80
191
191
46
224
260
167
161
5
4
4
19
19
19
4
1
89
74
4
56
158
46
40
31
1
87
11
45
14
7
5
46
34
44
44
34
14
77
77
107
107
363
31
291
126
40
46
159
14
31
44
142
53
161
161
22
34
46
229
45
291
19
19
1
107
31
417
126
96
46
78
14
53
77
44
19
19
1
77
120
44
44
56
1
47
15
14
44
14
34
40
122
53
34
19
77
74
77
47
87
71
1
14
96
14
14
14
14
74
37
5
47
14
5
5
1
31
56
46
186
31
45
1
31
5
56
56
199
5
46
77
98
107
70
161
238
157
150
34
25
44
22
14
31
56
11
4
77
77
1
74
44
44
44
44
44
186
157
191
291
4
1
107
34
366
46
71
1
40
74
186
46
87
54
251
49
49
120
320
251
56
14
31
14
46
264
473
56
8
54
34
19
107
109
120
19
214
77
34
47
46
31
209
161
319
77
44
40
14
186
49
1
49
47
167
327
80
98
211
40
77
31
1
44
44
1
44
44
31
1
266
46
264
264
264
277
19
19
7
31
34
14
77
34
31
44
143
49
12
186
49
407
46
46
14
77
180
4
126
19
77
118
34
224
72
77
10
31
34
153
77
53
98
40
1
89
89
46
122
157
77
11
47
4
44
4
31
313
49
46
264
34
47
184
1
31
34
46
259
98
416
161
107
224
11
4
11
4
18
19
55
11
19
14
34
34
44
14
72
34
44
44
44
44
44
44
34
215
77
34
53
46
320
186
349
31
47
49
126
49
284
264
264
49
49
224
47
70
419
22
22
96
1
19
46
40
47
126
19
77
77
77
474
46
20
34
34
320
77
14
37
239
46
154
107
327
46
37
44
77
40
107
267
251
80
390
224
22
2
80
46
80
44
1
34
46
45
45
7
19
47
46
37
5
1
125
251
77
77
72
221
46
107
46
107
14
5
107
267
160
19
199
161
14
11
11
45
22
263
157
40
44
4
77
44
264
46
251
157
14
19
53
44
37
102
56
107
78
44
47
46
44
34
80
46
14
31
5
5
14
4
5
31
14
160
11
19
46
4
28
71
44
1
19
14
72
34
142
5
44
160
107
80
78
46
224
251
31
19
19
14
46
45
31
31
157
18
238
25
44
1
11
47
4
31
241
31
224
264
1
89
70
80
7
4
98
4
56
56
11
11
44
44
77
77
77
25
44
44
44
44
34
70
157
186
186
125
264
49
132
157
89
22
19
14
22
14
71
224
34
46
1
77
1
40
1
4
47
10
45
49
291
10
72
229
157
161
77
239
49
1
126
264
229
47
11
77
83
96
46
107
13
107
80
229
14
224
1
77
14
34
293
19
31
34
45
74
14
1
1
96
40
1
277
77
44
40
144
109
197
96
44
34
265
14
31
19
19
107
6
4
61
33
44
186
47
186
34
46
273
300
46
34
74
44
14
14
74
56
56
44
44
44
84
224
31
34
74
34
224
5
96
1
31
191
157
190
47
107
107
49
14
257
3
157
184
14
14
14
214
34
34
224
3
46
47
47
1
141
44
126
19
34
72
19
184
14
14
46
44
77
44
49
237
167
77
19
142
34
31
19
34
19
74
4
102
11
26
196
19
245
166
19
44
44
34
31
180
53
53
14
96
81
46
1
49
34
14
11
4
49
160
5
46
47
31
31
161
31
34
47
19
161
107
31
14
264
475
14
14
34
107
19
14
34
251
160
19
1
249
95
34
19
77
22
44
77
47
37
34
34
77
47
5
25
77
19
4
107
25
22
44
89
77
34
34
191
44
44
138
11
14
40
44
161
14
4
77
126
34
19
77
44
167
125
44
141
29
216
19
40
77
34
1
150
44
169
4
44
14
151
107
49
19
47
1
46
109
1
11
46
476
19
338
1
14
37
19
325
46
19
11
157
49
34
77
14
46
44
11
74
14
34
294
44
44
138
72
44
239
157
31
370
44
44
165
264
49
14
14
74
44
19
4
14
19
34
34
266
1
3
15
57
72
350
22
229
46
14
11
34
44
157
34
186
34
77
44
34
77
4
14
31
19
77
34
34
25
25
1
19
293
14
44
125
14
40
14
107
28
4
235
107
1
1
77
3
125
125
125
54
5
125
125
11
31
1
125
11
125
31
5
34
133
31
19
75
19
4
11
4
21
80
277
47
31
96
19
46
14
137
80
47
153
5
46
1
87
14
89
22
49
107
19
78
14
14
21
45
121
11
81
46
477
37
137
14
214
146
46
224
11
11
44
106
167
19
14
19
28
107
87
19
19
14
19
19
11
47
11
11
46
142
19
19
19
46
19
89
19
11
46
19
4
46
19
10
22
40
4
478
178
11
11
11
157
4
80
47
255
44
19
14
157
44
11
11
1
393
261
44
420
1
142
287
157
157
72
40
157
22
479
11
138
19
239
342
34
44
161
210
161
46
266
146
92
46
277
19
1
19
266
210
1
19
167
380
19
49
209
28
191
169
277
77
34
229
19
80
14
22
157
34
157
19
1
1
71
165
157
266
71
11
46
293
161
14
157
22
14
19
4
398
11
14
7
157
70
46
141
46
169
10
137
169
46
46
157
480
49
49
251
157
37
46
209
481
222
4
199
1
157
47
80
14
46
161
157
19
46
46
224
5
11
14
19
21
107
1
80
45
80
19
241
161
178
161
157
46
44
5
98
351
70
429
107
14
291
87
14
49
4
4
19
157
46
46
14
482
