1
2
3
4
2
3
3
5
3
2
2
3
5
5
6
7
8
9
10
11
9
5
5
12
5
13
9
13
10
14
15
14
16
16
17
4
4
4
4
2
18
4
4
4
4
19
5
20
21
7
22
22
22
23
24
25
22
26
27
23
23
28
28
5
29
30
4
31
31
32
33
31
34
31
6
33
35
36
31
31
31
22
37
31
38
39
8
11
11
11
40
4
11
11
11
11
11
11
41
42
11
11
11
11
11
11
11
11
11
11
11
40
11
11
11
41
19
4
4
11
4
4
4
11
5
43
11
11
4
11
11
11
11
11
11
11
42
11
11
11
11
11
4
4
4
4
4
44
4
4
18
4
45
11
5
19
11
4
4
42
44
11
11
11
11
11
11
11
11
11
11
11
11
11
11
11
42
46
11
42
42
4
5
46
4
27
11
4
4
4
4
11
11
11
11
11
11
11
11
11
11
11
11
4
31
47
11
11
11
44
11
48
42
4
11
5
5
4
4
49
4
50
11
51
44
11
11
11
11
5
42
5
11
27
28
52
32
25
52
52
52
52
53
54
25
11
11
11
42
11
11
11
11
50
19
52
4
25
55
28
31
56
32
3
31
57
5
27
11
11
31
27
54
27
58
27
27
59
5
5
27
27
27
27
27
23
27
27
42
22
31
5
31
31
11
11
12
11
57
27
27
60
31
32
32
43
51
61
31
62
31
63
28
31
27
60
31
54
31
31
59
64
65
22
66
31
67
51
32
32
26
68
69
32
32
32
70
31
71
54
31
54
31
72
31
51
32
51
22
73
51
64
31
74
32
51
75
22
76
77
51
68
68
73
32
78
68
79
32
80
81
23
76
26
32
32
5
70
11
31
31
22
22
22
31
22
61
31
82
65
28
51
52
51
31
51
32
76
65
51
73
64
76
23
23
76
83
76
50
84
23
32
32
75
12
71
31
11
22
22
11
22
32
64
85
86
22
76
51
87
31
22
51
51
27
32
22
82
22
31
31
28
31
12
22
23
59
51
22
67
22
88
89
30
39
90
91
31
92
93
31
39
65
6
82
68
94
95
31
31
31
38
22
96
97
31
98
22
25
31
22
22
97
5
85
85
8
99
85
99
99
85
20
100
52
11
32
11
101
102
11
11
11
11
40
11
11
11
11
11
103
5
11
32
104
11
11
11
11
11
11
11
11
11
11
11
11
105
105
11
11
11
11
11
11
11
11
11
11
11
57
11
11
4
31
106
11
32
107
11
11
11
11
11
27
11
4
4
4
108
4
50
109
31
31
11
39
11
11
44
44
27
110
27
52
11
27
52
32
25
52
22
111
25
32
112
11
109
11
11
31
11
5
71
42
27
32
32
113
32
32
42
74
11
31
31
114
31
11
11
20
27
27
25
27
32
108
32
65
108
32
81
32
84
115
12
31
60
11
116
117
11
31
47
57
111
31
11
31
57
63
27
31
15
78
51
118
51
32
32
32
60
32
32
32
32
68
32
106
31
71
71
47
111
31
31
31
31
31
31
63
59
31
119
85
32
22
65
32
22
32
120
121
69
26
51
76
77
77
122
26
33
78
123
45
71
11
71
11
45
31
31
31
31
47
31
31
31
31
47
92
31
31
85
60
24
28
124
121
39
68
32
65
90
90
90
72
31
31
31
31
31
31
31
31
31
31
31
31
31
31
25
11
59
22
20
22
125
82
20
32
86
126
74
60
31
74
74
31
47
31
127
74
31
74
74
31
31
31
31
94
31
60
12
51
82
65
128
23
85
31
129
47
74
47
72
31
51
31
130
31
31
31
31
88
5
39
68
30
31
31
31
131
61
31
31
132
20
86
72
22
26
32
90
22
133
31
116
31
60
31
31
31
134
51
82
31
135
6
65
90
31
65
31
84
22
22
52
31
28
31
22
22
22
85
65
22
8
85
85
85
86
99
85
99
85
99
85
99
85
85
85
85
85
99
99
99
99
85
99
99
85
85
85
85
99
99
99
85
99
85
85
85
85
136
136
31
110
110
39
133
102
137
40
74
25
138
139
11
11
52
140
91
141
101
141
31
11
31
11
11
142
27
137
143
109
31
65
11
11
11
11
76
11
144
87
145
31
141
74
4
146
138
147
148
149
150
148
151
138
152
50
11
11
11
116
11
11
31
4
27
27
110
4
111
153
153
65
137
109
11
11
31
11
31
11
31
4
27
4
32
27
32
108
32
32
65
32
32
32
31
62
133
133
133
31
154
19
5
82
58
25
32
32
32
32
32
32
59
32
155
156
5
11
157
50
47
11
11
11
31
158
25
15
32
32
32
32
50
75
65
32
65
159
31
160
31
57
47
31
31
32
32
32
61
26
11
31
71
74
31
31
31
11
160
31
74
31
31
31
11
31
22
82
32
32
32
74
47
47
74
161
31
74
60
31
31
74
31
31
38
94
85
28
12
33
26
74
162
31
31
31
31
31
31
31
74
31
31
31
31
31
31
31
98
35
128
31
163
74
31
74
164
31
74
31
32
31
74
31
31
31
31
76
39
165
166
31
82
12
84
156
167
31
74
74
74
168
31
31
31
11
137
22
108
108
68
86
169
170
31
74
31
74
171
38
31
31
31
65
52
172
84
169
31
31
74
173
163
31
68
68
31
31
174
32
5
124
39
175
176
68
60
25
177
86
52
178
31
179
31
31
31
180
31
87
181
31
31
87
182
25
59
84
106
183
85
85
85
85
85
85
85
85
184
185
22
30
31
85
85
85
85
85
85
99
99
85
85
85
99
85
85
99
99
99
99
85
85
85
85
99
85
85
99
99
99
85
99
85
85
85
85
99
99
85
22
186
85
85
136
136
71
72
50
11
74
140
11
74
74
187
142
32
32
11
11
31
32
52
188
32
189
31
190
11
191
188
189
50
60
31
11
11
39
94
116
11
4
4
147
192
116
32
55
5
193
133
42
194
148
195
196
160
1
1
197
39
198
138
197
151
199
25
32
200
201
202
11
133
4
27
27
11
65
11
11
11
11
203
204
11
31
31
31
31
31
31
31
31
31
133
94
65
65
65
205
109
11
116
11
11
117
11
11
31
64
25
25
165
32
206
32
207
11
146
109
1
192
62
25
190
31
117
208
65
32
32
209
11
31
31
31
171
20
49
25
32
32
90
11
74
74
31
31
31
31
31
31
31
20
20
65
152
76
51
76
32
32
156
210
211
11
31
31
74
74
31
51
31
31
31
47
31
31
212
31
31
213
31
31
31
94
19
156
32
32
165
214
116
204
31
71
74
74
215
31
31
31
31
31
31
31
31
216
82
32
32
32
175
217
218
5
92
219
31
31
31
31
31
94
76
87
220
221
31
74
31
74
52
31
31
31
31
31
31
31
222
30
74
31
31
31
161
74
219
39
60
31
223
65
86
224
225
226
31
74
92
68
39
227
228
65
68
61
161
74
25
92
122
156
51
103
92
39
22
65
84
87
12
185
31
85
85
39
85
229
65
120
30
85
85
85
85
85
85
85
87
186
85
85
85
85
85
85
99
99
99
99
99
99
85
85
85
85
136
136
136
136
136
136
136
136
136
136
136
188
136
108
32
230
140
50
40
189
231
124
32
142
1
190
108
39
11
32
11
65
232
52
142
31
11
207
50
144
52
233
104
68
207
31
11
234
18
151
151
32
43
11
140
235
11
207
209
129
129
31
193
147
236
199
237
138
176
238
148
239
185
183
74
240
31
74
241
65
74
140
47
11
11
74
31
31
31
4
4
32
32
32
6
6
6
11
242
31
31
243
74
31
244
245
20
62
11
11
246
216
32
102
74
224
209
160
192
31
133
123
32
70
108
65
32
32
62
11
247
62
65
74
248
31
74
31
92
110
21
65
197
55
108
32
5
116
249
31
31
201
31
31
250
60
11
216
120
32
32
251
90
19
31
74
252
31
31
31
31
253
31
31
254
5
108
11
74
31
31
31
31
31
31
31
31
31
31
31
31
255
256
206
257
25
74
31
74
31
31
31
65
53
53
258
183
1
91
74
64
259
243
31
37
82
216
156
51
31
92
74
74
31
31
11
85
85
260
12
39
122
32
12
12
19
74
92
153
86
108
156
68
74
235
60
86
85
31
68
68
258
30
31
74
39
31
261
82
12
22
84
262
175
22
92
68
39
156
87
263
5
30
31
31
60
264
265
25
87
30
31
179
31
266
164
164
94
85
229
267
268
269
85
87
120
39
31
38
38
85
39
85
85
270
268
39
68
65
271
85
85
99
25
74
85
85
272
74
85
85
85
38
136
273
136
136
136
136
136
274
275
260
39
74
32
32
32
120
32
276
277
278
11
116
279
280
65
11
39
39
94
39
277
281
74
201
74
207
282
283
279
11
49
65
190
109
144
32
32
188
11
11
11
11
11
11
162
108
32
216
108
137
284
11
161
242
190
11
11
11
285
280
144
148
286
287
239
288
176
50
32
216
65
74
283
133
25
236
32
32
74
71
50
11
201
11
116
133
18
289
50
31
31
11
11
31
254
11
25
32
55
65
216
32
32
108
11
290
291
92
92
41
44
292
25
25
65
32
293
235
74
25
74
92
74
25
25
65
31
32
294
295
74
209
176
31
31
74
31
296
92
92
12
297
170
31
31
31
31
31
31
68
31
165
72
74
31
74
74
74
31
74
31
31
31
31
31
133
31
31
39
32
55
175
1
257
298
173
31
31
31
31
31
31
299
31
164
94
211
300
65
301
295
164
302
31
31
31
31
303
119
32
32
83
32
108
65
300
39
25
304
305
254
31
218
75
90
32
32
192
231
306
307
308
31
31
12
297
182
156
85
192
146
306
31
31
309
276
39
52
300
310
193
74
74
31
261
22
311
86
312
261
12
231
287
265
228
313
52
120
136
155
85
31
22
314
313
182
258
219
31
74
85
85
85
39
144
177
216
25
74
315
164
164
164
164
85
85
177
134
39
136
25
74
74
74
85
38
38
38
216
206
120
85
85
39
25
216
316
31
317
31
318
85
163
74
319
120
85
99
317
38
136
136
136
136
136
11
320
136
136
188
321
120
322
323
136
17
32
96
32
142
116
116
324
50
325
279
279
326
74
140
31
207
327
116
38
11
116
50
65
39
279
11
74
11
11
11
11
74
11
74
328
74
74
11
133
146
116
144
108
208
108
65
74
74
109
11
11
25
322
74
25
11
11
25
116
329
283
1
144
32
251
74
74
11
11
330
330
11
31
25
92
65
146
236
331
332
32
32
65
72
333
210
5
11
74
4
157
110
108
55
216
216
65
334
32
32
74
74
146
31
226
25
4
25
65
74
74
225
242
98
131
11
335
31
74
31
44
216
25
85
32
336
60
25
25
337
338
170
279
11
74
278
31
31
31
339
158
25
85
25
32
32
32
32
340
25
74
74
74
341
31
31
31
216
32
5
218
111
342
205
31
74
1
31
31
343
31
31
344
32
91
109
198
25
111
74
31
154
39
39
25
300
111
157
65
345
214
346
226
39
31
31
32
170
237
296
85
39
52
65
32
108
170
39
192
347
31
39
348
65
35
31
31
222
25
155
349
170
2
25
25
74
247
350
215
351
31
31
54
258
72
337
108
30
204
31
74
68
74
216
120
68
256
184
214
352
60
121
39
353
22
25
182
175
30
164
39
317
317
39
72
39
216
120
39
84
155
354
85
39
355
317
39
39
206
68
108
74
315
317
317
317
85
12
266
55
206
68
67
315
60
318
318
318
85
297
206
137
32
297
52
84
136
317
39
87
85
318
85
85
85
216
145
33
25
84
39
38
85
74
136
120
120
31
164
120
277
149
85
85
85
99
137
136
136
136
136
136
136
120
188
137
317
136
136
136
136
136
136
136
188
40
32
50
136
136
52
39
39
108
11
50
260
39
39
139
31
356
74
357
31
129
60
52
108
50
11
74
230
74
31
31
11
31
11
39
109
358
359
74
11
74
74
74
74
74
39
360
65
361
362
74
74
166
11
74
25
25
11
363
116
129
282
146
364
5
35
11
11
25
11
65
146
32
25
91
365
366
25
286
287
367
25
65
108
6
74
225
279
25
85
216
108
65
368
74
74
159
74
92
307
25
32
369
159
370
11
52
31
25
70
85
256
32
371
60
218
12
32
146
1
52
74
372
31
31
20
32
70
281
74
74
31
31
292
32
61
373
281
374
31
375
74
72
151
206
53
108
234
32
6
6
292
70
376
107
299
165
377
378
205
195
379
157
31
133
256
32
53
256
138
233
241
337
32
380
74
31
381
55
182
206
300
12
138
257
382
383
39
216
337
68
350
231
182
384
355
39
107
65
206
258
89
67
170
138
187
235
31
124
318
108
251
266
74
60
322
317
317
39
124
68
33
385
31
39
39
25
317
317
38
38
317
39
39
52
87
86
258
258
39
317
317
38
317
386
258
387
388
231
317
317
120
216
68
337
60
39
318
318
318
318
85
85
85
39
39
89
337
120
120
68
258
258
68
84
258
72
318
318
318
318
85
85
85
85
389
389
87
86
68
120
38
85
85
38
86
84
39
120
150
85
85
390
39
84
174
68
68
39
68
391
99
85
85
136
99
85
136
85
188
385
320
136
136
136
318
136
146
5
392
32
189
136
136
13
320
50
142
50
136
136
136
39
182
393
11
32
58
324
188
394
188
228
116
133
50
50
244
31
74
74
74
140
11
304
50
146
279
187
279
188
74
74
11
74
74
74
74
313
142
109
74
74
74
31
130
11
38
108
52
32
39
395
74
74
74
74
74
290
74
11
396
65
279
279
189
205
74
330
205
53
65
342
397
398
25
65
377
399
74
400
379
32
146
279
25
111
270
138
25
25
32
90
217
159
25
316
146
1
205
25
25
70
216
392
401
74
179
140
400
371
402
120
402
1
257
25
403
65
377
377
128
205
279
1
138
398
339
404
405
30
401
377
406
140
52
153
31
288
12
407
31
30
6
282
195
25
224
31
31
31
31
31
381
96
185
175
90
30
30
408
30
354
157
25
11
31
409
123
108
32
256
408
119
408
30
410
410
30
52
74
31
133
411
65
412
170
413
410
410
87
6
119
342
341
31
133
355
414
337
108
401
30
228
30
87
139
39
31
12
155
415
256
125
157
31
74
182
416
120
144
170
206
52
87
257
221
74
107
120
110
68
417
386
418
206
119
82
15
144
61
339
41
279
31
419
317
317
317
317
317
317
39
120
12
39
67
67
55
228
413
39
31
39
233
317
317
317
317
317
317
72
337
420
68
67
397
385
231
292
421
54
340
39
317
317
317
38
39
39
87
119
120
251
256
206
32
401
410
12
306
231
317
38
85
85
85
39
318
123
258
135
228
120
52
12
74
318
318
318
317
85
85
39
277
136
74
68
84
68
258
422
385
85
120
318
85
39
39
39
55
174
108
68
68
33
68
120
423
228
39
120
85
85
39
39
386
424
68
133
68
425
120
426
87
68
120
68
277
120
256
85
181
64
87
174
68
277
427
172
85
174
68
120
85
85
25
266
120
85
85
85
85
99
385
320
85
136
385
188
85
136
320
85
317
136
136
136
188
320
136
136
136
136
136
136
136
136
136
428
429
183
430
59
32
32
50
136
136
136
136
431
74
39
189
32
50
136
136
432
146
432
432
432
232
74
74
74
74
41
74
109
188
74
74
192
11
279
11
38
430
381
74
173
74
39
201
74
31
395
74
39
74
31
399
290
117
105
221
11
74
74
74
74
159
74
248
433
434
74
433
290
136
434
136
435
399
74
279
32
25
74
335
74
11
136
48
434
436
399
179
50
437
110
74
65
53
322
11
74
438
278
31
52
109
138
70
439
440
279
402
441
442
48
379
182
53
5
76
438
443
352
444
195
437
399
25
52
387
74
402
39
379
31
445
138
65
336
60
12
197
27
6
52
39
355
52
344
397
108
61
437
74
439
31
31
31
120
433
446
447
108
448
157
355
446
65
6
108
449
12
450
60
383
31
31
39
414
39
313
135
255
451
31
133
297
216
313
60
60
375
452
52
65
86
12
379
266
31
452
39
400
279
108
68
55
85
301
60
31
39
82
119
72
68
415
31
451
436
420
39
39
39
152
87
453
12
226
120
74
39
74
317
317
317
317
39
386
26
60
41
39
317
317
317
39
110
67
67
67
385
426
178
226
74
298
315
39
39
83
52
136
228
68
67
12
31
231
74
267
74
317
85
85
108
337
68
258
68
120
33
144
84
220
315
318
318
85
52
68
68
68
68
170
384
256
258
135
12
454
276
319
85
136
120
256
84
175
33
68
455
456
319
85
389
25
39
68
387
448
420
68
120
120
120
85
85
241
457
39
108
182
182
120
157
174
174
31
427
108
85
85
85
136
38
385
85
136
136
136
136
136
136
136
232
320
85
457
429
321
136
457
457
431
458
136
72
52
101
136
136
136
459
431
4
76
50
317
136
429
74
74
460
11
52
11
461
74
74
304
85
277
50
70
65
74
462
463
74
74
74
74
11
116
133
389
458
458
381
321
431
135
74
74
74
366
280
306
108
331
74
74
39
74
74
74
31
74
74
464
279
1
108
65
68
401
147
377
263
74
74
438
91
465
74
25
138
133
166
259
438
466
467
65
74
74
74
74
299
352
379
202
25
286
395
157
402
236
251
445
399
166
48
403
74
31
448
438
466
468
138
25
31
342
39
339
39
52
241
55
65
144
313
469
402
313
39
470
425
157
365
138
468
31
31
446
355
233
39
277
65
72
361
471
6
255
437
261
31
74
472
39
1
52
425
108
337
157
31
74
31
31
65
39
39
436
133
39
110
32
439
138
336
328
87
277
52
70
52
226
39
39
39
39
233
39
39
39
39
39
65
39
55
68
87
473
31
65
74
74
110
52
386
108
256
294
32
120
86
395
395
411
120
52
52
386
337
52
68
68
26
65
31
32
375
39
39
317
65
55
338
170
54
474
163
317
39
39
108
386
55
55
52
120
68
84
475
476
391
477
39
317
85
317
85
39
39
65
55
92
337
52
337
256
68
52
204
459
38
85
38
39
120
392
84
182
448
339
72
318
39
52
68
156
68
60
292
317
465
386
136
120
120
423
319
85
228
39
39
85
85
39
386
317
478
120
478
120
136
425
425
478
479
120
68
134
120
120
480
39
120
120
120
120
481
408
114
120
234
136
120
39
239
325
325
482
483
484
485
68
423
136
31
182
72
476
99
85
85
85
136
322
85
136
136
136
318
85
136
136
85
136
136
85
136
136
457
136
136
136
136
136
217
136
136
136
457
136
6
85
136
136
136
136
136
457
457
232
431
273
486
136
136
136
136
136
136
188
406
431
453
136
366
457
136
453
453
50
17
11
136
136
136
136
136
136
432
432
432
432
203
236
136
432
12
188
74
17
432
273
487
74
225
488
205
218
489
240
74
72
72
188
74
74
74
74
74
24
205
189
381
490
491
188
74
395
166
129
279
72
74
74
85
11
109
144
465
449
144
387
374
108
108
492
251
377
74
74
443
466
108
155
74
93
395
31
92
108
471
493
399
434
279
32
147
399
52
214
39
53
6
226
494
50
75
52
2
341
438
157
226
347
266
31
31
108
11
157
451
495
231
354
31
39
96
153
108
251
55
409
270
39
352
377
39
279
344
52
398
218
31
436
496
39
39
292
39
292
226
437
31
74
107
261
72
297
12
226
133
39
446
72
108
52
377
218
109
31
39
39
39
497
68
228
425
498
74
499
68
138
295
488
500
39
317
39
337
39
52
139
52
26
337
306
306
39
38
317
12
39
52
52
262
84
39
344
85
379
476
501
474
60
86
39
317
85
38
85
85
38
85
85
39
228
124
110
218
110
392
52
39
52
502
459
68
68
31
276
206
52
503
52
16
136
337
214
260
276
85
85
277
108
416
504
145
52
52
505
318
506
493
318
85
39
39
85
139
52
39
16
228
120
120
170
422
292
319
16
120
120
425
505
120
425
425
425
425
505
52
317
507
52
120
120
39
508
150
52
52
120
423
38
108
85
476
136
475
509
234
425
99
99
317
136
136
136
317
136
85
136
136
136
136
136
136
136
136
136
136
99
136
136
27
317
317
99
136
136
136
85
136
136
136
136
85
136
136
85
136
136
432
432
453
136
457
136
188
432
385
273
17
203
136
394
188
510
397
136
394
431
453
136
136
136
136
136
136
136
136
273
511
32
457
72
453
188
188
270
510
50
183
273
48
188
487
159
31
109
270
112
381
74
74
277
458
469
11
492
11
138
147
236
72
72
512
74
513
1
514
236
422
381
147
74
494
299
515
195
279
515
279
289
72
31
74
205
516
406
239
459
517
518
171
74
512
519
387
208
218
74
31
436
363
31
494
120
445
292
520
74
74
157
344
253
74
231
436
351
147
110
5
375
120
521
11
421
377
281
227
522
344
52
523
341
306
166
524
287
39
270
110
65
108
6
210
436
39
279
145
279
108
467
108
523
6
108
525
199
48
518
218
526
52
449
398
31
31
403
52
226
398
31
31
39
147
119
262
1
527
528
212
409
39
55
529
86
311
473
31
39
39
324
530
349
109
226
31
39
52
506
531
409
532
279
421
452
39
260
386
448
60
54
317
228
110
52
82
39
518
52
179
39
317
317
317
228
344
347
403
403
386
271
226
317
85
39
260
273
110
533
52
392
427
386
386
120
422
60
60
85
85
39
533
296
39
534
39
68
535
475
317
85
260
323
52
536
68
68
68
68
136
108
72
390
317
110
52
52
120
349
475
39
479
344
120
120
120
537
392
120
425
425
425
425
120
503
317
317
538
150
1
239
483
537
109
539
503
540
518
541
148
120
38
317
39
234
39
16
542
344
226
120
508
288
413
536
16
136
234
226
543
120
85
85
467
392
218
85
136
85
136
136
136
99
136
136
136
394
432
136
85
136
99
136
136
85
180
99
99
74
395
136
136
453
431
188
136
85
136
136
85
136
544
511
545
149
157
203
203
203
136
429
546
511
511
431
511
203
203
279
136
188
453
547
361
203
548
549
273
431
431
319
83
550
548
188
273
389
387
188
74
74
74
74
140
397
12
320
487
188
74
58
549
551
549
188
74
31
74
207
11
76
1
109
552
553
146
270
188
453
511
483
74
31
74
361
144
387
3
273
420
483
489
74
31
74
279
11
138
458
554
74
555
74
342
457
402
238
147
556
299
74
157
157
299
397
398
65
147
483
395
168
557
93
226
93
123
108
74
74
74
74
202
236
65
558
559
11
74
278
92
31
560
246
270
108
398
489
561
434
31
496
562
65
65
74
563
344
275
558
6
466
31
480
236
110
279
410
292
72
379
528
39
292
251
377
397
74
11
157
564
39
255
279
228
226
261
314
39
200
344
135
377
402
310
52
398
402
380
39
344
398
398
467
228
270
39
119
504
255
74
39
480
39
522
108
153
410
468
434
480
39
52
234
397
422
292
433
147
524
375
39
292
52
216
39
39
398
475
52
39
434
344
480
218
198
391
38
85
52
39
68
251
145
199
544
226
317
38
38
85
85
85
85
85
85
317
137
344
228
52
52
108
397
317
85
99
99
72
74
386
425
54
85
85
110
39
228
72
565
420
535
423
402
85
39
228
16
68
120
517
508
566
150
150
539
567
482
100
568
120
39
234
569
325
503
150
483
550
434
39
120
422
504
106
120
72
85
85
476
509
234
234
234
392
509
108
392
518
136
457
136
457
136
457
524
136
136
136
136
136
318
457
457
136
432
232
136
136
85
570
85
136
432
232
432
188
136
136
395
434
136
136
136
136
85
136
136
486
184
548
39
236
571
188
188
188
2
453
434
12
183
42
277
453
254
572
387
483
270
61
32
138
188
453
72
74
129
420
573
504
74
233
159
48
147
52
313
420
556
548
545
574
279
575
109
514
109
236
576
74
279
577
236
493
279
171
74
578
138
577
270
110
579
580
518
74
581
116
195
147
411
518
218
74
171
74
74
528
74
93
226
411
246
123
53
556
387
445
74
434
194
74
513
519
582
347
411
227
110
387
420
377
218
74
583
278
88
218
53
52
251
377
292
74
403
434
443
496
480
489
398
397
65
398
108
410
313
74
31
398
398
584
270
387
19
335
74
480
144
166
480
39
39
585
340
166
379
586
74
218
129
411
292
421
580
279
251
251
108
74
204
564
200
52
251
587
48
435
200
467
298
31
85
39
108
251
584
72
270
524
228
120
396
133
292
398
529
221
588
480
480
533
398
226
39
279
216
188
39
1
1
166
226
379
31
375
39
218
380
1
226
375
589
317
136
420
38
545
375
87
120
227
317
257
551
226
39
85
85
85
99
85
85
86
39
218
590
476
39
317
85
99
99
99
99
99
85
591
39
39
120
72
108
85
85
85
137
385
393
319
474
478
317
85
85
39
39
380
539
592
319
319
317
318
317
317
228
593
150
150
482
508
150
150
150
150
150
482
239
517
150
149
483
411
228
318
228
39
150
594
484
537
150
595
150
596
150
392
52
597
311
598
276
398
416
403
52
108
509
509
599
99
99
99
457
136
136
99
99
136
99
85
136
136
85
136
136
457
317
524
99
600
136
136
136
99
457
317
99
85
136
99
395
136
432
136
99
273
70
486
601
136
457
602
511
603
184
109
604
99
85
457
32
203
203
605
188
453
203
606
607
608
27
273
400
553
392
392
434
176
609
72
72
432
392
72
273
453
511
255
25
230
434
277
189
188
610
462
203
270
511
434
146
277
109
108
123
453
320
483
548
327
327
313
548
611
513
434
435
440
299
146
327
279
381
411
562
395
612
74
435
434
581
279
48
109
613
456
614
110
387
108
72
434
74
74
460
39
433
455
398
411
110
279
52
615
74
434
434
434
74
74
434
435
31
116
218
39
480
398
518
279
559
616
74
74
545
287
344
344
398
559
377
587
387
218
74
74
74
399
171
586
133
287
148
144
147
72
74
74
586
74
254
32
251
251
168
120
344
617
618
226
12
255
72
166
166
403
388
522
619
166
346
287
586
370
620
398
277
420
172
461
4
294
465
621
622
434
584
143
54
314
387
398
398
398
226
226
623
157
31
298
74
434
393
561
352
527
254
119
255
344
221
624
379
310
226
623
31
119
584
279
317
344
337
1
39
480
393
39
120
349
625
85
295
295
138
354
226
226
226
226
39
137
228
349
198
116
198
198
226
54
85
317
137
72
218
72
150
72
170
138
214
626
85
99
480
385
72
409
228
254
391
226
276
38
99
99
99
99
99
550
109
239
449
317
319
317
39
120
120
539
204
317
317
317
39
72
493
150
493
627
318
317
317
318
509
319
39
72
423
550
479
392
403
120
505
628
120
629
507
425
99
120
630
631
425
48
318
505
425
136
457
457
136
99
99
99
136
85
85
99
136
85
85
99
136
136
432
432
385
273
432
273
85
457
273
432
429
85
273
273
72
273
11
563
548
72
632
633
632
44
148
236
236
188
126
458
458
203
203
359
273
74
136
136
429
487
183
433
634
576
12
188
434
576
183
453
72
188
72
227
159
218
372
236
108
5
74
434
545
277
614
147
12
216
434
279
514
1
325
434
519
575
613
635
144
120
251
144
636
619
93
254
637
279
368
398
638
74
639
74
434
434
434
11
168
100
640
109
392
120
456
74
641
435
642
398
643
277
518
559
251
421
545
362
644
171
31
302
60
380
1
478
518
251
251
587
587
434
226
645
133
380
380
123
587
587
587
74
74
11
580
172
172
292
74
411
434
74
645
228
646
251
253
104
617
647
292
153
74
550
648
39
489
6
5
434
292
292
292
104
480
467
649
650
545
381
306
254
480
39
651
276
48
48
652
623
545
454
255
344
398
1
287
48
425
55
109
287
287
198
653
287
226
654
39
427
655
89
422
198
198
295
214
39
480
536
425
349
423
89
198
309
226
226
85
643
228
86
587
317
352
54
85
170
72
72
317
226
226
319
85
85
99
85
85
85
99
69
587
150
136
198
317
99
99
99
99
99
99
99
656
170
317
228
85
85
480
39
120
587
38
317
38
39
120
120
317
568
317
318
39
136
392
52
318
317
317
52
120
226
120
39
85
39
310
120
120
391
476
120
39
550
85
476
551
392
480
108
507
536
457
85
457
136
99
136
99
85
136
99
85
99
85
99
99
99
99
99
136
136
318
432
432
432
317
150
317
317
432
273
70
432
292
432
85
85
394
453
431
285
99
273
166
159
273
511
511
273
159
487
138
218
72
188
434
202
361
657
236
658
188
658
434
74
74
407
226
659
483
483
516
660
1
661
489
434
74
380
249
138
1
1
387
638
387
434
60
60
74
74
380
662
105
663
664
664
566
664
109
279
74
74
586
434
434
434
493
665
109
478
74
380
666
434
108
52
667
270
518
226
74
434
434
279
226
668
145
292
39
564
669
226
670
671
48
48
74
582
133
672
74
582
381
559
234
74
434
74
286
144
296
403
436
673
144
277
68
175
193
31
202
39
536
674
39
226
292
48
436
675
39
411
425
505
287
676
480
148
677
287
48
52
676
292
39
292
218
465
226
286
425
530
598
198
198
198
226
138
198
301
228
348
425
198
306
678
319
390
306
679
540
85
680
310
681
316
187
306
306
214
85
85
38
136
137
385
317
148
99
99
99
99
39
39
120
120
170
480
120
318
317
39
392
392
318
104
228
620
620
72
228
120
507
326
52
317
99
457
99
99
99
85
85
85
85
99
273
99
99
85
99
85
85
136
85
136
200
188
99
661
432
432
432
85
99
99
99
85
432
184
99
99
85
136
188
453
453
320
183
126
682
431
431
563
236
85
85
188
432
188
603
633
85
85
72
394
320
453
320
166
289
218
273
12
292
273
72
11
159
190
600
683
453
25
657
289
495
463
12
5
453
453
227
202
402
246
387
387
677
453
5
313
74
434
74
116
684
483
360
72
495
524
327
277
514
70
434
279
387
74
434
434
109
109
239
685
74
48
279
613
686
687
1
332
144
109
109
688
689
147
493
74
31
660
138
1
690
461
691
435
434
692
514
109
279
391
434
434
693
109
1
449
144
48
48
694
109
492
695
434
346
148
478
60
287
479
148
44
172
434
498
434
478
518
584
193
434
571
524
606
420
228
254
344
277
245
176
48
254
227
310
226
672
254
578
6
255
5
365
48
411
198
138
480
480
188
218
478
696
287
138
390
697
39
72
72
541
698
148
287
198
551
138
138
226
226
198
39
344
61
72
699
198
198
226
700
75
72
529
618
425
72
124
317
250
85
120
72
85
99
85
85
85
99
85
99
99
99
12
476
99
99
99
99
99
99
99
701
701
392
392
392
701
392
392
227
99
317
120
120
120
701
701
701
392
701
392
701
701
392
701
701
702
392
392
701
392
392
392
392
234
392
509
392
38
38
701
701
701
701
392
392
392
701
392
392
701
39
392
392
392
392
703
317
317
39
704
701
392
392
392
705
392
392
392
392
392
536
72
701
701
706
392
392
392
392
392
392
392
392
599
318
707
392
608
392
392
392
39
39
136
425
479
680
392
707
420
392
459
708
427
72
425
99
85
85
85
432
99
99
99
85
85
85
99
85
99
85
85
273
317
85
432
431
85
431
188
487
709
394
12
183
394
432
710
453
511
511
453
85
320
12
438
136
85
85
511
453
710
511
431
320
188
273
289
72
711
712
188
453
72
188
453
72
188
50
434
231
236
136
5
713
511
188
72
188
466
434
714
715
218
184
72
273
431
431
716
193
563
236
511
255
188
74
74
717
54
435
387
72
387
72
74
289
718
718
368
719
562
333
720
74
515
147
721
227
722
434
434
231
74
277
504
723
434
74
693
407
693
724
48
325
226
725
721
367
1
149
726
727
239
109
723
144
455
728
729
52
109
109
579
48
48
279
221
109
508
482
109
228
689
579
12
489
587
433
508
365
5
183
12
12
119
730
397
48
287
653
5
12
5
12
292
12
12
292
12
5
12
5
193
647
580
150
731
12
691
5
5
5
5
5
2
44
5
5
5
5
5
434
434
480
693
44
44
5
5
5
42
44
44
44
44
44
42
44
231
74
732
434
289
450
5
44
44
44
44
44
12
42
42
5
44
44
44
44
44
44
144
325
44
44
44
44
44
185
524
434
44
434
54
434
391
344
166
733
599
108
344
228
214
226
254
254
254
226
344
42
226
198
198
500
697
12
287
734
697
390
676
226
187
226
226
226
501
344
228
317
295
226
198
226
48
228
72
226
474
39
72
295
54
72
385
85
85
735
157
306
701
701
392
226
85
99
99
99
99
99
344
120
365
701
701
392
392
736
392
392
392
392
737
392
392
392
392
99
701
701
701
701
392
392
392
392
392
702
392
392
392
392
392
392
705
706
392
704
738
120
478
392
701
392
739
392
392
392
392
392
707
392
740
392
392
120
392
392
392
706
392
392
392
392
392
392
392
39
708
696
392
392
392
392
39
509
317
392
392
392
392
392
392
318
317
139
72
120
741
318
72
344
478
620
120
742
580
507
427
422
85
85
85
85
85
85
85
85
85
218
85
85
218
85
85
85
255
99
457
85
85
743
218
431
218
218
394
273
85
85
255
12
744
431
99
85
85
188
255
218
188
188
188
188
72
273
745
432
188
432
188
188
432
218
188
188
511
11
85
188
188
188
72
188
188
453
746
431
5
431
431
746
453
42
747
12
188
358
236
99
188
167
432
273
232
273
333
715
188
227
188
188
183
333
188
188
136
136
72
711
432
713
321
321
188
188
188
188
188
72
188
715
188
202
159
159
314
289
642
554
183
188
255
184
431
12
12
511
188
319
289
748
72
188
453
12
188
749
188
74
54
434
218
511
321
750
431
227
422
74
511
387
434
434
193
719
109
434
751
277
579
301
519
752
434
724
48
743
504
287
52
191
109
109
109
380
695
109
150
664
434
226
279
279
1
728
566
518
647
183
12
292
183
434
249
249
605
109
580
109
508
508
12
292
255
12
12
12
12
12
4
12
12
3
5
255
5
12
12
12
12
5
119
12
12
600
753
109
109
109
109
147
12
5
255
119
12
12
12
12
12
292
537
449
442
72
12
5
5
5
255
5
5
126
5
292
12
12
12
12
44
44
4
704
754
148
5
5
5
5
12
5
5
119
5
200
255
119
5
5
397
74
600
129
755
126
44
44
378
320
2
5
12
74
325
42
44
44
42
44
200
44
42
42
42
352
434
392
492
756
391
757
758
44
42
42
5
685
148
415
159
39
524
758
379
392
279
325
226
226
176
759
496
493
537
537
165
717
202
344
592
760
183
761
31
226
185
508
150
633
762
255
226
287
287
588
391
344
344
78
420
226
226
187
532
226
480
344
425
218
187
187
54
375
72
72
391
39
739
310
599
476
99
99
120
392
538
52
99
99
85
317
392
392
85
318
120
392
392
702
392
392
392
392
763
317
85
120
72
72
317
392
392
392
392
392
764
392
120
392
392
392
392
392
392
136
392
392
318
39
765
392
766
392
392
392
392
392
422
392
738
72
136
120
425
767
72
120
85
85
99
85
317
85
85
85
85
85
99
99
85
99
99
85
38
85
85
85
85
85
85
85
99
85
85
99
99
99
317
85
85
85
85
85
99
432
218
768
432
432
432
432
292
2
273
769
661
432
85
85
188
218
72
394
72
188
183
770
12
605
320
188
770
715
188
188
432
188
432
273
771
227
432
72
188
511
320
236
188
72
188
432
683
188
639
289
772
72
511
434
236
457
432
453
748
434
773
458
748
623
774
453
431
775
776
777
681
387
778
183
72
320
12
779
72
346
74
277
421
387
780
72
586
434
686
279
434
434
674
434
693
327
781
782
279
647
147
489
287
287
279
48
504
613
783
782
239
514
109
239
109
109
109
109
731
48
109
109
647
53
331
420
434
74
159
109
727
109
109
109
183
72
12
12
12
183
292
489
465
48
109
109
109
150
325
12
183
12
119
12
12
12
397
483
299
365
109
12
12
12
119
5
74
434
287
527
191
580
717
490
12
5
74
74
637
31
138
226
490
491
491
149
12
5
119
119
292
12
12
106
231
31
714
754
434
285
398
776
72
5
5
12
12
679
60
391
5
72
42
5
5
5
784
5
12
200
72
12
2
3
200
49
5
758
11
434
226
198
12
2
5
12
54
226
758
54
785
697
580
1
255
380
157
226
226
588
523
567
226
226
226
226
450
786
314
226
226
226
226
214
474
391
480
381
292
226
214
226
426
138
476
184
287
306
474
227
787
301
788
39
39
104
373
788
789
54
375
391
85
138
545
676
726
39
431
790
791
792
85
39
793
630
392
794
99
99
85
317
392
136
392
630
392
739
85
392
764
392
392
392
392
392
392
392
392
392
392
708
317
392
392
392
580
392
392
392
392
707
714
136
72
392
795
518
461
620
767
72
796
99
99
99
85
85
99
99
85
394
432
232
768
797
650
798
661
252
99
136
799
800
188
801
453
255
72
394
188
747
633
293
136
136
236
236
236
236
549
136
188
434
457
432
72
188
453
390
104
188
188
657
110
289
802
803
774
787
72
273
72
330
804
434
434
458
646
646
805
805
681
806
457
807
568
453
387
74
120
780
74
436
457
640
782
193
1
148
48
575
1
109
148
150
380
724
726
109
808
109
268
716
647
109
150
109
106
52
255
292
255
72
292
12
12
255
12
489
434
809
492
545
48
575
810
109
811
647
12
526
72
12
12
72
12
12
12
12
731
647
105
731
72
183
183
12
292
543
812
434
191
813
5
72
255
72
12
543
814
815
816
694
72
359
12
12
72
12
255
183
670
148
817
183
12
12
119
5
12
12
12
420
188
226
588
391
5
119
5
5
5
12
119
200
12
147
150
138
119
5
524
818
226
580
5
72
74
119
524
226
226
3
42
31
254
12
479
120
287
250
31
726
726
214
476
72
31
527
226
138
214
226
138
391
391
292
819
474
344
228
287
138
474
474
474
391
739
226
226
726
116
391
344
72
292
198
474
314
292
292
226
792
708
344
72
228
543
820
821
85
480
39
120
120
85
120
120
425
822
392
39
701
701
392
392
392
85
120
392
392
392
392
392
591
271
120
120
392
392
392
392
392
392
823
392
392
392
392
392
392
392
317
318
521
392
392
707
422
39
392
392
766
392
392
629
72
318
72
431
535
136
72
72
318
810
188
188
218
137
273
188
188
824
72
825
650
769
183
273
318
136
136
183
826
747
453
333
486
457
188
188
827
802
236
814
368
457
457
136
136
136
227
828
314
236
236
363
400
203
829
802
458
774
136
457
830
359
12
72
188
571
748
802
387
387
780
188
226
35
805
594
831
504
434
48
287
279
239
661
136
461
574
574
48
484
387
434
545
693
575
647
504
774
567
401
1
647
508
811
150
144
48
588
226
727
109
647
832
693
545
397
588
747
833
72
72
72
184
72
72
834
48
537
292
72
12
72
12
72
218
814
835
588
588
836
731
392
397
292
292
255
255
255
518
837
838
575
839
811
392
12
12
255
255
183
12
12
755
306
148
12
12
12
5
12
255
12
508
76
226
287
694
12
12
12
21
12
12
54
690
226
301
325
119
704
693
148
148
292
287
654
551
840
841
3
27
113
12
587
254
226
295
842
551
12
3
391
545
456
226
42
167
120
609
476
226
198
669
756
676
198
5
679
72
198
226
157
843
726
12
12
12
72
72
226
837
226
226
580
391
391
120
226
844
295
120
52
314
218
218
845
226
790
54
292
292
846
309
226
54
292
72
292
292
292
72
704
411
543
737
120
820
480
411
120
72
737
85
85
99
99
99
120
72
425
392
392
847
392
85
422
8
392
392
392
392
38
271
317
392
392
392
120
392
392
392
392
392
707
392
317
317
318
505
848
392
392
392
392
318
392
849
849
427
529
72
72
387
385
320
72
72
255
183
38
188
188
682
661
743
306
769
850
147
453
511
188
287
292
703
136
136
851
432
852
748
12
432
392
150
72
72
434
589
803
11
136
136
318
183
387
387
188
851
387
287
853
191
854
855
392
387
489
489
434
434
287
693
150
810
811
613
461
462
856
234
662
279
109
619
149
537
693
839
744
150
277
48
857
716
149
255
292
72
431
184
255
72
679
72
292
858
434
193
588
732
144
42
72
255
12
72
72
184
72
184
184
292
184
694
148
682
184
292
72
12
184
72
74
434
434
588
653
226
631
119
183
183
12
72
138
183
12
12
12
539
480
851
12
226
226
545
12
119
12
434
444
732
444
392
5
5
12
2
12
474
226
138
149
378
5
704
42
5
119
5
295
837
200
27
379
336
295
226
846
859
226
818
226
670
860
31
845
213
226
72
72
226
226
226
732
226
226
860
860
391
188
12
697
226
226
474
391
391
474
732
226
226
861
226
391
226
292
292
119
292
218
292
292
476
411
862
863
864
864
865
480
822
866
630
543
39
866
822
630
629
867
737
737
868
392
868
85
99
425
630
737
868
392
869
392
870
99
85
99
85
630
629
630
629
85
136
521
392
392
392
871
392
392
317
120
38
392
392
392
136
38
271
422
497
392
392
392
392
317
707
392
872
317
72
392
392
120
120
72
392
873
707
707
707
318
318
72
392
392
120
72
874
136
120
120
303
387
52
72
72
875
136
876
72
188
429
751
72
38
799
742
745
802
397
188
188
877
537
255
218
218
878
188
72
543
358
314
879
511
852
218
643
714
724
226
273
255
203
773
136
279
782
314
314
880
154
881
489
663
136
136
537
461
882
883
434
434
136
136
136
136
613
648
749
434
663
136
136
136
136
109
227
854
647
567
434
663
884
249
136
136
380
491
147
545
588
48
1
808
331
486
184
218
184
74
623
885
588
184
184
72
72
292
679
292
72
431
184
255
72
72
184
431
72
489
482
149
807
508
886
72
72
72
72
72
431
150
434
254
254
380
120
887
72
72
12
184
12
794
888
12
255
837
255
292
184
571
12
12
12
292
889
547
5
12
218
150
5
5
2
3
218
218
218
72
72
5
119
456
5
119
27
72
218
72
2
255
119
226
226
42
42
42
5
12
704
697
697
306
3
42
200
72
390
697
226
226
226
2
732
198
890
890
306
732
226
226
816
756
306
853
226
306
198
226
213
226
841
891
295
731
72
72
72
72
198
226
226
226
391
255
72
292
226
218
892
422
52
292
218
292
72
701
630
822
822
629
863
863
630
868
287
822
822
893
630
630
894
630
630
543
822
864
630
867
630
629
629
629
895
895
543
543
614
896
629
629
822
822
864
863
629
630
629
629
868
737
543
543
614
543
543
543
897
898
85
99
99
85
629
863
629
629
629
629
629
629
866
392
864
864
630
630
899
85
85
85
303
136
630
38
85
323
317
392
392
871
387
696
848
392
392
707
707
392
392
392
392
707
707
392
848
392
392
392
392
392
392
707
317
318
318
136
392
780
708
849
72
318
227
429
72
511
273
432
188
432
327
751
397
742
681
552
136
154
514
136
647
453
663
279
585
226
72
218
345
110
719
236
748
218
218
489
314
900
772
504
227
331
780
901
381
663
191
567
484
811
331
541
489
568
902
434
743
287
575
325
731
239
886
903
144
508
904
390
136
136
905
273
72
72
273
273
273
72
392
906
136
148
580
72
273
218
72
218
136
538
907
72
72
431
72
72
431
184
72
431
12
72
72
431
72
255
434
907
255
72
679
589
226
545
12
218
12
12
306
119
292
908
365
889
255
54
5
255
3
12
150
617
183
12
226
295
226
226
42
27
5
5
5
909
750
119
910
226
911
198
198
42
3
5
5
3
5
226
912
846
226
226
250
5
198
226
198
72
913
732
188
914
915
188
72
183
54
226
226
188
287
916
631
273
124
292
859
138
630
893
226
917
218
218
218
218
822
867
867
822
629
476
227
218
218
218
893
893
867
392
630
895
895
822
893
893
895
867
630
822
864
630
895
580
543
866
629
893
893
629
868
918
893
918
866
543
919
543
543
543
918
85
38
85
480
893
893
629
920
921
543
918
543
543
867
867
922
630
630
918
543
918
629
923
392
85
867
867
868
543
543
85
85
72
867
630
868
924
136
630
630
630
630
630
707
422
317
136
707
392
392
707
707
392
707
120
630
392
707
392
707
707
707
136
85
136
136
392
707
707
707
707
707
136
707
707
707
707
317
72
459
707
318
72
425
849
120
120
72
72
385
453
188
232
188
432
925
800
432
394
432
432
273
432
394
432
432
394
188
744
10
548
883
273
188
188
457
154
877
453
772
188
218
715
845
357
358
726
72
273
145
635
635
516
635
585
432
585
72
392
552
136
926
273
72
511
574
811
727
392
218
72
314
567
489
927
878
928
421
780
929
812
434
85
1
109
567
489
674
786
571
545
301
148
226
1
226
624
913
72
72
431
72
273
72
72
273
72
273
273
273
273
226
397
537
226
273
218
255
72
72
72
72
218
431
218
431
689
482
254
735
150
72
184
72
72
72
431
72
138
255
184
184
72
72
751
138
72
184
431
226
653
697
255
183
72
72
184
762
12
119
183
183
72
720
214
151
889
119
183
72
183
218
72
226
226
12
12
722
250
214
756
21
12
12
930
226
931
861
391
756
200
292
420
551
226
650
226
7
226
198
226
113
5
200
292
218
218
218
218
72
218
72
119
5
183
5
218
218
292
183
392
392
932
909
226
226
226
7
392
933
934
897
392
392
392
702
932
935
391
739
188
188
707
936
707
630
630
188
188
487
188
445
822
822
937
543
937
896
226
226
226
474
559
227
392
630
630
630
630
938
937
937
630
739
110
292
630
895
895
939
707
198
234
218
859
218
893
893
630
630
940
895
941
630
630
936
630
922
226
198
227
227
218
137
893
893
895
893
630
921
895
942
915
936
942
915
707
941
943
937
702
226
344
630
944
543
945
946
707
943
936
915
630
480
422
947
629
937
895
630
543
543
543
948
543
543
949
543
317
317
895
629
629
629
868
922
868
940
702
630
868
950
543
543
543
422
85
85
922
629
630
630
630
895
922
915
543
543
543
543
742
742
502
867
915
629
922
543
873
85
318
136
136
136
85
849
630
630
920
947
829
136
85
136
136
136
136
136
258
940
630
630
707
707
457
136
136
457
85
85
317
136
136
136
136
136
136
136
136
136
136
136
136
136
136
707
136
136
136
136
136
136
136
136
136
136
136
136
136
136
136
707
136
136
136
136
136
136
136
136
457
136
136
707
707
136
136
136
136
707
136
136
136
72
136
136
136
136
120
751
432
394
432
432
432
951
952
953
889
845
776
954
514
709
799
817
511
453
955
956
776
957
681
607
681
546
769
188
889
749
749
845
681
72
681
958
400
273
453
959
226
635
635
635
635
635
635
635
721
109
543
635
635
635
647
120
852
515
422
535
137
775
719
617
484
48
325
397
693
786
136
85
226
226
774
226
273
714
193
704
226
255
72
273
72
431
888
431
431
431
431
431
72
72
72
431
72
255
72
748
686
704
72
72
218
72
431
771
748
441
184
431
218
72
72
136
392
5
292
184
72
218
218
218
218
184
72
434
751
72
453
72
226
72
218
818
183
218
255
292
12
136
12
72
301
301
184
960
889
119
961
961
860
474
476
12
292
2
292
392
202
226
635
12
292
947
392
936
390
950
226
198
603
119
2
119
72
962
962
962
962
962
962
962
962
963
937
392
923
937
937
392
964
707
965
390
390
390
845
226
188
915
188
255
962
188
188
962
188
936
934
390
226
890
391
962
188
188
188
72
188
218
255
188
962
188
966
188
188
941
707
937
543
390
226
188
188
72
255
72
137
188
19
966
966
893
938
543
198
909
226
72
445
800
827
487
429
827
188
218
218
630
963
390
967
226
422
188
385
893
870
941
937
845
198
226
891
968
603
218
895
937
707
909
866
333
318
317
218
895
895
969
543
943
543
390
970
580
318
318
318
318
937
939
947
629
938
543
543
480
317
318
318
318
318
317
796
318
317
895
85
971
318
550
895
629
937
629
895
947
922
937
938
580
66
580
972
703
630
937
629
630
457
271
136
318
938
938
629
973
938
457
457
457
318
318
136
741
849
318
915
938
543
543
543
936
136
136
136
630
136
136
136
318
136
741
849
849
849
707
707
136
136
136
136
136
136
656
849
317
318
136
52
457
136
136
136
136
457
457
317
136
136
457
656
136
136
136
136
457
120
136
136
136
457
136
457
427
974
975
432
320
273
504
925
453
273
432
432
431
431
976
776
226
432
845
977
226
956
607
845
978
274
813
824
453
889
979
952
749
853
455
959
959
744
539
508
148
453
980
183
845
981
952
982
444
939
368
188
749
983
196
681
887
984
718
504
813
681
635
635
146
782
985
579
952
635
635
986
981
616
279
457
380
150
489
953
109
987
633
314
690
851
150
188
988
719
675
537
989
503
273
748
504
786
786
786
455
567
537
882
635
669
226
226
480
380
226
273
255
587
537
751
431
431
431
480
675
431
72
218
434
694
72
72
788
431
431
431
431
218
218
431
184
184
431
218
12
487
72
184
3
226
226
292
255
218
431
184
72
990
72
624
991
226
72
12
72
476
853
229
973
936
936
992
184
42
2
12
12
963
474
474
860
474
226
226
992
543
701
226
72
72
188
962
183
292
707
993
392
390
543
188
188
188
188
188
12
188
543
392
973
949
390
390
213
226
797
218
12
188
188
188
188
188
188
188
188
188
962
183
936
944
970
630
994
963
697
390
697
226
226
226
295
732
391
962
188
188
255
27
995
994
936
970
936
994
941
390
390
644
692
226
966
72
218
255
255
966
966
966
922
922
697
941
963
707
963
963
950
390
973
198
226
226
951
226
912
966
827
188
218
188
188
963
630
922
937
937
943
390
390
226
996
227
227
183
72
758
72
758
72
218
895
895
897
937
937
707
707
941
390
697
198
306
947
742
942
317
317
895
997
707
943
941
949
697
390
697
390
476
198
947
543
109
318
317
317
317
317
317
317
937
941
629
390
949
789
333
344
318
318
629
937
543
697
993
960
697
697
630
998
697
999
406
344
1000
937
543
390
543
390
970
947
993
963
971
629
543
943
318
423
937
970
993
949
457
136
317
849
317
479
136
317
85
85
136
938
136
136
457
849
317
457
457
457
457
457
457
457
704
136
136
457
136
318
136
136
708
136
136
708
708
151
708
457
432
394
431
431
432
431
432
394
432
188
432
188
273
273
432
889
1001
800
432
956
432
1002
184
749
537
1003
432
1004
511
607
659
978
952
226
226
681
154
1005
1006
105
188
511
188
776
183
1007
535
747
751
749
697
749
697
585
751
985
422
504
743
617
794
961
635
356
635
574
887
810
508
1008
461
813
978
356
829
1009
1010
690
690
277
279
857
647
1011
623
150
504
314
314
1012
880
227
314
314
422
321
1013
226
587
632
218
314
748
434
314
136
457
990
394
19
394
12
218
314
965
255
218
255
218
218
218
218
445
218
325
1014
320
218
218
218
1015
434
138
72
255
72
273
818
397
1016
681
214
72
72
4
273
434
818
218
218
183
431
431
747
1017
226
148
218
218
72
431
910
431
832
226
686
390
148
431
431
845
183
431
12
72
5
2
963
804
821
476
936
963
963
819
226
1018
1019
214
188
188
941
942
392
941
963
963
226
226
12
12
391
941
697
941
941
697
697
963
226
226
995
1020
188
936
973
390
697
1021
1022
213
998
119
188
937
543
998
390
998
936
226
474
962
288
12
218
962
962
292
966
966
998
697
390
198
226
391
966
966
42
188
915
941
897
998
1023
697
870
390
697
588
218
758
758
758
968
758
758
758
758
758
543
895
226
226
198
502
422
758
758
758
758
758
758
1024
697
226
891
85
888
895
1025
390
390
968
317
317
1026
947
937
390
390
390
227
390
390
390
697
390
697
697
697
697
697
697
137
390
697
697
697
697
697
697
697
1027
970
936
943
963
963
973
963
941
941
136
317
85
136
423
550
318
85
136
543
85
457
136
317
136
457
136
457
136
1028
136
457
431
432
12
775
432
432
431
431
925
431
1029
432
779
431
889
776
977
1030
1030
432
432
1031
749
986
723
1030
1032
42
42
956
956
508
1033
511
1004
511
320
889
731
1034
1035
853
926
1036
985
799
227
481
1037
511
845
1038
1039
954
196
154
508
1040
359
226
482
810
813
681
723
1041
954
635
397
397
670
1042
635
1043
688
1044
635
1010
887
743
841
869
1012
1045
319
817
817
817
814
1045
553
786
652
751
743
587
1046
786
1014
880
397
19
1047
1048
365
445
445
218
394
218
539
567
1049
72
72
72
320
1050
150
218
818
150
226
511
818
818
818
818
818
818
226
431
1045
818
818
818
818
813
818
431
431
818
818
818
818
934
273
72
183
431
431
431
818
818
380
72
72
431
431
734
184
431
431
72
431
431
226
431
227
431
255
543
431
5
42
431
72
442
226
675
226
476
183
188
188
188
12
72
543
973
434
214
226
188
390
390
963
899
226
226
391
72
1051
227
1052
226
226
1053
966
188
902
902
226
434
391
12
966
995
198
643
1054
697
703
390
902
648
636
226
226
226
226
962
1020
962
1055
1055
1055
1055
1055
1055
1055
1055
1055
119
27
218
218
255
218
255
995
390
66
390
66
684
748
745
198
821
1055
1055
1055
1055
1055
1055
1056
1055
1055
1056
1056
1056
1056
1056
1056
1056
1056
1055
1055
390
390
703
703
198
758
1055
1055
1057
968
1057
1057
1057
1057
1057
1057
1057
968
968
1056
1056
1057
968
968
1057
1057
1056
1057
1056
218
870
646
1058
390
690
85
742
780
1059
1057
1057
1057
1057
1057
1057
1057
1057
1057
703
198
888
422
392
226
697
697
317
697
697
170
697
697
965
697
697
344
697
697
902
697
697
697
697
696
697
136
580
136
136
708
136
136
457
876
432
457
42
2
218
218
959
845
956
508
1060
889
853
889
218
200
853
537
1001
1014
218
853
821
794
511
1004
745
585
1061
1014
1004
996
873
954
444
681
810
1062
1063
744
747
150
1051
511
794
1038
1064
1065
954
1066
984
1067
508
952
954
774
1068
476
647
956
1069
635
397
617
623
580
981
954
635
516
236
279
365
1070
593
648
580
881
881
306
392
1071
482
537
1072
553
1010
496
810
279
455
887
693
482
782
833
314
810
623
829
1073
1038
287
150
150
218
394
445
587
1073
537
627
150
150
503
484
818
218
126
301
326
1074
818
818
72
287
1075
960
788
226
813
72
72
1076
226
226
319
319
319
319
319
319
319
226
1020
218
218
431
431
752
832
319
319
319
319
319
879
319
319
319
319
319
319
319
319
226
319
319
319
319
1077
756
72
255
273
218
431
431
66
319
319
319
431
431
431
218
255
967
301
226
1020
996
853
226
1045
226
72
188
1078
819
752
474
226
226
932
756
226
476
1079
1079
1079
1079
12
1080
226
214
391
1053
2
72
1079
1079
995
1079
899
392
226
226
630
821
1057
1057
1057
72
391
391
183
218
218
1055
1056
198
391
226
226
226
120
333
1056
1056
1056
1056
218
776
390
573
742
1057
1057
1057
1057
1057
1057
962
188
188
1081
697
390
1057
1057
198
12
226
697
72
697
422
1079
697
697
697
697
697
1079
317
902
423
684
317
317
136
136
136
85
333
737
427
422
422
12
432
12
42
431
12
431
431
431
5
3
904
184
218
1082
1083
821
431
1084
804
226
218
953
1085
1086
1064
1064
1064
756
802
850
1087
954
681
681
539
778
1
682
218
719
719
705
953
1067
317
585
1
1006
1067
774
188
749
945
719
810
1067
723
953
952
1038
681
743
387
814
1088
444
444
444
444
444
482
1038
751
397
1089
444
444
252
397
1090
158
397
782
380
663
1090
814
1091
810
1092
363
635
455
565
817
553
455
455
455
553
562
455
731
537
580
314
884
218
493
537
325
319
218
255
218
188
287
1021
255
840
596
287
934
835
889
287
319
319
710
697
669
319
319
319
319
319
319
390
319
319
319
319
319
319
319
319
319
319
319
1093
301
431
1094
319
319
319
319
319
319
319
319
319
319
319
226
319
319
319
1041
226
138
431
803
319
319
226
889
184
72
218
184
198
226
72
511
431
431
218
226
1005
1095
431
188
184
701
1096
749
756
756
226
72
167
226
226
226
226
12
255
226
434
226
226
476
12
1079
1079
1079
1079
1079
1079
1079
1079
1079
1079
1079
1079
1079
1079
255
218
72
1097
226
434
231
231
1079
1079
1079
995
995
995
72
255
1098
1075
1020
1053
1053
1053
995
226
1022
1053
200
391
227
742
292
250
250
962
255
226
853
226
188
295
392
227
227
344
227
150
344
971
333
333
789
748
232
136
85
317
85
38
85
85
120
677
776
1099
2
1100
952
167
845
977
1101
907
978
476
959
1035
1102
954
2
813
952
1038
794
1064
1064
226
1103
1067
1067
1104
292
883
504
845
952
904
928
66
1030
359
1014
881
978
853
853
959
853
845
1105
1106
359
774
987
1037
602
682
504
888
1086
845
226
845
681
681
1107
774
1067
681
1108
359
747
1109
292
749
751
681
878
392
747
1036
431
42
1038
954
684
444
444
787
444
721
718
776
579
444
397
397
397
782
813
997
997
1069
226
397
782
1058
818
444
635
845
226
553
1058
749
1010
535
397
1058
751
508
749
562
455
455
455
455
455
455
1110
830
109
148
453
325
1111
749
455
455
455
455
537
44
455
455
453
42
42
724
455
455
455
109
255
511
453
453
1021
455
840
884
1112
255
226
1009
928
319
455
455
1041
756
1113
431
835
879
319
319
674
432
72
502
1114
951
319
319
301
72
319
1022
390
1115
218
218
226
722
390
391
391
72
431
431
431
72
72
226
1022
392
60
226
226
226
813
392
965
431
1116
392
753
226
697
1117
821
158
1079
72
1118
722
226
1119
697
422
597
72
218
1079
226
226
1120
697
188
184
909
336
226
226
1022
226
1121
226
821
72
1121
391
226
749
457
226
697
392
545
198
776
742
198
198
226
717
776
198
306
1079
1057
845
1095
813
580
226
1104
1018
226
295
1122
226
1018
1123
226
1018
776
1123
1018
85
85
120
959
749
954
1124
200
218
218
776
1035
1035
508
833
878
747
49
1021
810
978
1125
1067
367
279
109
1126
1067
745
745
537
1117
218
218
1127
1128
1129
646
857
959
853
226
813
783
953
1130
537
959
749
1131
889
957
585
66
953
455
1064
945
810
931
397
984
1038
681
774
647
959
810
997
745
782
580
1069
959
287
997
264
539
865
1038
954
934
444
357
444
226
504
1132
774
1133
1090
392
1065
810
1134
760
617
1091
724
774
453
553
1089
997
714
455
731
1135
810
1064
392
392
453
453
511
511
553
934
432
432
431
188
138
681
928
455
832
996
928
879
1136
301
1137
72
835
928
934
431
1076
749
1089
674
218
431
749
226
226
704
289
422
226
742
226
1138
1139
756
72
431
1140
1141
226
226
756
431
431
314
845
226
226
697
273
431
431
198
226
1142
226
1018
1121
697
1031
167
226
794
234
1028
218
912
391
271
198
717
813
226
797
1143
1144
1145
480
314
226
891
226
1143
333
636
38
303
303
1146
295
1095
580
227
971
38
932
85
85
120
136
794
697
978
845
853
1147
623
959
1049
626
889
35
1148
1014
1009
1002
1002
856
1033
889
952
749
1049
810
66
1034
1005
1149
1149
731
13
1014
850
1037
508
1038
756
1145
951
1146
743
624
888
1150
951
218
888
422
877
226
810
508
1151
1043
326
1152
1153
804
794
1105
684
1154
191
810
810
810
810
150
888
1155
150
1156
810
1157
1158
745
978
978
1125
1159
718
1064
751
818
1160
997
363
1161
1021
535
939
751
1162
1090
562
905
287
1163
539
1065
731
537
397
432
218
1164
432
432
432
432
453
453
845
432
432
126
432
432
432
432
432
453
1157
553
751
432
453
719
888
1070
740
1165
347
187
455
889
39
394
455
717
453
320
455
928
853
1022
319
319
1166
226
431
431
431
697
934
934
843
273
42
866
434
813
431
431
864
845
959
1078
1142
756
683
794
226
226
1096
1120
1001
965
697
901
431
226
431
431
226
1022
476
1167
250
1168
226
226
600
509
672
431
845
1146
198
1143
226
226
1114
962
198
1121
226
792
72
226
678
250
536
227
38
85
344
559
226
851
344
85
932
226
226
226
226
120
830
226
422
226
85
226
85
1033
1033
85
85
904
904
184
1016
810
1049
889
959
952
1169
749
1049
749
952
605
845
1170
1171
1002
745
1172
957
872
1014
1014
1150
1002
1014
1173
1174
747
66
422
1107
953
953
776
749
853
794
552
951
1126
1098
1014
1149
1149
1149
1149
742
1111
580
1064
1175
951
684
1098
1176
422
344
794
1162
1064
946
1175
1177
810
431
833
518
535
810
810
810
810
810
810
810
810
810
810
810
810
810
745
889
945
1064
997
585
794
794
553
978
751
782
1129
400
1178
769
617
1089
1038
707
1179
363
279
687
392
535
508
845
810
1180
1175
1021
1181
537
594
1162
109
432
1065
894
731
432
432
432
432
432
432
432
486
486
486
453
453
959
1058
553
794
277
1144
453
1017
959
904
853
44
19
553
1182
784
431
853
732
136
167
511
928
226
978
1018
978
476
218
320
44
928
301
431
394
319
226
42
997
319
1022
431
937
422
756
226
431
431
226
295
932
934
431
431
226
1183
1120
476
1118
717
845
1139
431
794
717
1022
889
226
934
7
5
431
273
761
226
391
226
1184
821
356
776
557
74
231
188
226
845
845
226
198
188
226
227
226
198
198
1080
226
776
430
250
226
273
1144
480
422
226
532
791
756
934
434
1144
422
226
226
845
226
226
899
188
344
226
1080
226
227
536
150
85
226
226
226
344
387
227
99
932
226
321
226
226
1041
226
99
1185
226
85
226
1186
677
120
1014
1187
697
813
1188
749
1049
889
1114
665
889
580
1033
801
1064
422
1159
1189
1189
1151
1189
1014
883
794
957
1190
1189
1191
1151
1189
1151
1151
1189
1014
1014
1151
1014
1192
1014
1037
1066
1097
749
1193
66
748
1012
539
1194
1151
1195
1194
806
853
455
66
1196
987
539
987
539
594
1197
632
508
518
575
851
537
1151
853
684
810
810
810
978
508
813
978
806
810
1152
1122
422
719
944
1038
580
1198
952
1129
978
934
1161
387
682
482
959
508
359
812
1134
1172
646
965
794
865
675
852
959
1199
999
684
774
1071
853
716
984
751
774
774
279
774
1071
774
774
659
541
1132
1091
889
749
749
1021
731
1047
394
287
167
1109
511
511
511
1200
1078
1201
853
718
527
432
749
1202
813
432
432
784
749
1203
734
717
749
748
701
553
690
279
813
1018
832
845
226
508
889
226
978
1118
1075
441
756
42
431
455
1136
226
681
218
543
431
431
314
431
733
575
853
365
794
757
226
431
226
226
226
697
742
1204
857
226
226
1112
226
42
226
845
1143
967
226
226
226
226
1118
749
226
198
226
605
422
749
441
226
422
422
542
422
1123
250
226
551
232
232
226
226
226
226
226
226
226
226
776
776
226
226
226
226
226
227
226
250
227
226
716
876
227
226
6
422
226
250
580
677
1205
1206
749
1207
1014
1208
1209
845
889
1208
1014
359
580
1194
1189
580
1070
1008
1210
580
1208
1211
1192
1128
1209
953
889
1064
1212
1070
878
1149
1177
987
1062
580
580
537
845
952
1129
952
817
1108
894
1213
1214
1213
810
537
878
539
952
945
1064
810
810
810
810
810
1011
580
580
580
1064
810
810
810
810
344
794
1215
392
397
138
539
1131
1216
1216
1216
889
397
776
1068
973
287
567
817
1104
802
997
697
697
508
965
150
751
1159
397
397
397
1012
150
150
812
810
690
697
1217
825
1089
813
1089
543
697
949
444
885
835
1218
845
885
1001
1021
760
535
731
150
907
1182
853
853
853
853
476
432
431
432
431
255
553
1065
959
853
853
853
853
853
853
432
453
889
685
314
978
853
853
853
853
120
453
697
748
684
813
1203
853
853
853
853
853
853
853
853
959
432
42
690
636
853
853
1219
432
978
1117
671
681
319
392
818
42
915
226
306
226
226
776
810
813
813
813
226
1220
813
813
813
813
116
1080
878
813
813
813
749
813
226
226
226
226
1041
776
226
888
636
1221
888
665
742
188
188
813
813
226
988
1059
851
1222
226
392
320
188
226
846
226
392
273
188
967
226
892
392
707
580
1223
1121
536
707
1155
542
580
580
422
542
542
422
580
532
198
422
542
422
422
580
542
580
1146
226
226
226
877
227
321
978
198
291
226
226
250
226
480
748
226
226
636
748
748
227
971
226
257
226
226
226
636
387
453
226
843
962
974
317
845
1035
1209
749
1097
319
881
422
878
1067
1149
1128
1130
955
1086
853
1025
748
1224
845
959
810
802
575
959
749
794
810
810
810
719
1069
810
810
1037
959
250
681
853
853
66
1225
853
853
853
853
845
845
1226
1227
1152
1228
697
707
853
397
1091
997
697
543
707
1051
805
853
810
1014
397
397
1073
150
1182
1229
66
508
1230
1231
794
845
508
326
959
950
390
853
1084
227
691
794
853
1232
853
150
42
42
1085
432
749
553
950
853
853
853
813
751
109
476
681
853
749
749
851
636
1135
794
1112
845
1138
888
888
605
432
432
1233
314
684
853
845
508
42
432
747
959
1058
392
226
853
853
681
453
1017
853
853
845
432
5
1234
950
921
813
813
813
845
951
553
813
813
813
813
136
42
42
42
42
42
42
42
813
226
42
42
42
42
42
42
42
1235
813
813
320
42
431
813
813
813
226
813
813
813
226
813
813
226
434
813
813
1120
1112
959
1204
490
778
226
226
1080
912
1144
780
7
394
808
1112
1019
488
188
432
441
226
934
226
1080
226
226
790
580
579
226
226
845
250
542
580
542
580
422
542
1052
227
821
748
422
422
876
226
1236
776
677
684
422
227
1042
35
227
226
425
391
580
395
777
1237
777
804
965
1014
776
804
853
1037
1037
845
455
1209
1037
1238
776
810
66
422
878
1149
1037
1082
952
810
904
988
1064
1218
1239
749
845
1199
400
397
1240
952
66
387
1097
1064
845
888
818
952
845
845
845
1241
504
889
1064
1140
896
749
66
845
508
508
504
1073
1242
1242
853
845
508
1243
508
508
508
397
749
508
997
390
959
697
681
845
845
845
1196
845
1196
951
508
277
845
1244
1003
605
1245
845
646
805
845
701
109
1089
810
326
508
845
963
1246
508
150
845
951
749
1247
1245
900
314
845
845
978
726
811
681
684
684
845
845
845
845
978
845
845
432
794
1112
845
845
978
845
845
845
845
845
1016
845
745
617
394
820
277
845
845
845
432
453
1017
813
511
431
1248
737
921
813
813
511
930
432
853
889
821
1113
511
167
821
1249
226
932
590
12
226
776
1250
326
889
11
11
555
4
328
74
712
226
226
226
1080
1019
226
74
776
198
198
1251
580
1252
226
35
1253
227
580
789
226
1254
1254
951
227
422
580
748
422
580
226
748
1144
636
1151
250
1255
422
959
434
1070
422
226
748
959
1256
250
226
422
1186
395
1257
853
1014
776
749
1198
1169
1014
1014
1049
952
1258
1014
1259
889
422
10
1149
1149
684
422
537
1149
1037
1260
635
66
66
1038
1014
359
749
776
978
959
845
508
1162
1261
776
776
1068
845
845
845
537
109
250
845
508
690
697
950
950
279
1262
444
508
508
541
1124
508
690
508
279
690
616
776
226
845
888
888
847
1162
422
1051
432
432
1182
1016
108
432
226
889
453
1007
422
950
1168
453
226
453
432
432
1249
736
490
453
432
453
226
441
1075
5
321
188
1100
226
959
1263
188
422
198
889
1080
1075
846
226
1123
226
959
1121
889
188
188
1080
1264
1019
333
1220
226
1104
1254
1253
1254
580
333
846
821
1195
580
580
1052
226
904
392
1255
959
226
749
935
1265
314
422
226
226
935
422
120
226
748
432
876
250
250
1266
1070
1036
1121
422
422
742
236
748
480
480
422
226
422
227
250
748
422
166
166
395
959
965
776
959
749
952
889
1115
1115
1198
1115
1267
1115
1115
1192
1014
1014
978
749
955
955
1268
684
748
904
685
1014
1035
1269
959
1051
824
537
742
1097
1035
66
1240
1270
853
508
928
953
953
537
810
508
889
818
508
508
1014
109
1183
776
951
537
1088
749
707
1051
1271
798
1088
1038
959
508
794
748
840
508
508
508
508
991
950
794
1202
508
508
508
888
234
889
794
508
390
959
1175
1016
888
978
978
787
508
959
959
959
978
888
889
996
749
441
432
432
1235
1051
441
889
476
432
432
749
1248
616
108
432
737
1272
1114
690
804
851
395
1048
1220
909
198
749
1004
236
821
776
906
889
1100
657
432
804
432
188
432
701
226
226
972
776
532
872
1273
227
917
821
1151
1019
1274
1019
1080
365
158
109
776
1145
830
829
1223
904
904
830
748
684
422
150
422
748
236
226
250
250
1176
422
767
480
480
422
1072
422
1275
422
1276
1276
395
395
166
395
395
395
395
395
395
395
776
1209
1259
845
1064
422
226
1172
1258
1211
826
959
1064
1014
1198
959
1129
934
959
959
749
1105
1277
1072
684
774
952
543
1023
845
1240
1215
774
774
774
1278
1198
1108
1279
810
749
776
776
853
853
1278
1038
1280
1196
227
749
959
776
959
776
326
1281
1036
923
1282
959
681
508
749
959
959
959
776
250
776
543
959
508
508
508
508
508
508
508
1283
1284
959
978
646
1144
508
1285
508
508
508
537
226
1131
390
1286
858
818
400
400
978
978
1287
1247
927
749
751
889
978
959
1288
983
978
749
226
1043
1248
400
724
978
676
909
1100
1093
959
1173
511
1109
1289
486
511
959
1290
320
453
1291
250
1015
453
1263
394
226
1080
226
422
1080
422
226
959
1273
1145
508
595
846
889
1030
158
742
580
1292
198
226
748
580
102
1107
422
1070
226
815
422
422
250
250
314
314
395
748
1255
422
536
422
1072
1293
250
250
1293
935
422
395
1294
495
1295
1295
1296
395
189
395
395
1297
395
159
134
544
88
395
586
395
495
395
565
39
1297
233
395
600
1001
780
794
319
1152
959
1195
1038
1035
1196
749
804
1025
1278
1130
1051
684
774
1224
1298
1299
1012
774
1224
959
1097
1039
1244
684
1267
774
1300
66
853
1277
774
1071
781
774
959
1183
952
508
1073
1183
681
774
1183
1012
623
749
1229
964
845
776
929
747
150
794
776
508
1269
747
889
1162
400
950
919
774
1159
747
781
959
959
1301
1145
991
749
749
749
959
1283
636
888
749
978
978
978
978
978
978
978
978
978
978
1248
921
1302
959
987
983
1303
1304
959
277
749
749
959
1289
1305
1306
1017
749
1306
959
794
776
912
889
889
959
1017
1288
959
776
776
226
553
1288
959
198
198
763
959
959
391
1307
1233
1308
686
739
395
226
203
534
422
1309
576
1001
1310
198
1019
226
636
326
74
198
796
573
1258
150
1311
1070
749
877
1107
623
796
198
150
1246
1295
1312
1313
250
250
250
250
250
422
930
1314
1312
422
395
31
544
395
395
434
328
395
1315
600
395
495
495
1297
600
1316
495
395
1317
11
395
1180
1318
709
1016
959
955
776
1016
1001
776
1016
1084
363
776
749
853
1225
1038
1319
1209
1043
1225
889
1097
1081
150
1124
1005
1080
774
1009
759
66
794
1320
804
1150
387
1300
959
1279
776
684
1166
853
684
776
853
776
776
508
326
109
665
537
1279
1183
690
776
917
508
1299
541
1198
508
665
109
1321
959
959
776
776
776
684
508
794
1183
997
646
508
573
787
1038
508
1051
794
751
508
380
959
675
749
959
1322
684
684
1280
1323
684
1114
888
835
950
946
684
684
684
697
959
390
919
978
978
543
959
1308
736
978
226
959
959
1291
776
916
1324
776
776
776
776
776
1001
1007
717
301
476
749
1048
1325
776
776
776
776
776
776
776
776
776
776
776
776
301
765
776
776
776
776
776
198
804
724
959
776
776
776
776
476
736
686
912
978
129
690
1326
515
344
573
198
422
1310
1145
1115
1152
1170
957
684
314
422
395
226
1327
1327
1015
250
684
684
684
422
684
422
422
250
422
88
1314
395
226
188
544
39
623
565
544
906
555
395
1293
495
855
524
524
395
576
495
495
1328
1063
1318
1016
1001
13
1329
813
1016
1250
1280
777
889
1330
1225
776
1188
1172
1331
1060
826
1152
359
959
1332
978
1238
1039
776
749
1051
934
802
802
802
684
802
802
802
1166
904
742
959
749
845
904
802
802
802
802
802
802
802
802
802
802
904
1166
1299
1193
802
802
802
1166
569
959
749
1038
1214
802
1166
802
802
802
802
1166
1166
1183
1183
802
802
802
1166
605
1051
1038
802
802
1333
508
508
508
508
810
889
1038
845
776
978
748
684
1001
802
1333
951
951
951
1333
1333
1333
951
508
508
518
776
776
803
1001
951
951
727
1038
1183
776
959
473
508
1334
813
1335
749
923
853
236
508
508
319
1229
959
959
959
684
508
306
928
776
776
1336
888
959
749
776
776
794
776
684
226
1001
749
794
959
239
959
794
1112
1337
1338
1080
1339
1340
1339
1080
959
749
1341
776
749
690
776
1080
1292
250
1165
697
1305
959
959
959
959
959
959
959
959
959
959
959
959
959
959
959
959
959
776
776
776
916
250
250
916
1080
1153
1288
749
794
959
959
959
959
959
959
959
959
959
959
959
959
959
959
959
959
959
959
959
959
959
889
1305
749
959
959
959
959
959
959
776
959
1308
959
959
959
959
959
959
959
917
1165
1207
959
959
959
959
906
742
463
1015
1311
636
422
1269
214
1342
1172
762
877
1115
1172
576
1252
1139
796
198
837
227
935
158
1343
158
904
890
422
495
684
684
88
250
422
422
250
495
250
589
395
395
434
395
495
1344
581
1345
136
495
600
278
1280
1001
1016
878
1346
1063
851
636
1084
1346
1001
725
1267
1280
1347
776
749
1348
326
1348
1166
1166
1009
1166
802
1166
1166
1166
1279
1329
802
802
802
802
802
802
1166
1166
1166
1166
1166
1166
1166
1166
1166
1115
904
1349
802
802
802
802
802
748
1166
1166
1166
1016
1166
1166
1166
853
1184
802
802
802
802
802
802
802
802
802
802
802
1166
1260
1273
1350
802
802
326
749
1183
869
802
1333
951
742
885
1218
541
1351
776
802
951
951
1333
951
951
951
951
951
951
1062
1198
776
951
951
951
1281
812
684
951
951
951
889
818
749
978
776
749
851
684
978
731
1165
1127
730
1229
959
684
689
730
1019
749
277
794
794
794
794
889
749
978
1165
950
508
1306
1229
959
959
959
794
794
978
959
749
392
749
1170
1170
959
959
959
959
476
959
959
959
959
959
959
959
959
959
959
959
959
959
1311
959
959
959
959
959
959
959
959
917
959
959
959
959
959
959
959
959
959
959
959
959
959
906
1080
250
1080
889
889
959
959
959
959
250
1080
623
787
959
929
592
837
1352
1311
720
1001
1104
1280
573
1062
1072
600
226
1015
1015
571
1107
974
1255
422
1015
1152
904
742
804
1327
422
1352
422
1312
576
588
576
434
495
855
642
495
1345
555
576
159
159
159
1211
1016
1001
1001
1001
1016
1001
1353
851
1353
851
1353
1180
1353
1016
1346
1016
1001
1016
1016
1001
1016
780
1353
684
684
1353
1331
777
1001
1016
1016
1001
1001
1180
1353
1354
749
1001
1001
1001
1016
777
1355
1016
1001
749
35
319
1001
1001
1001
1016
1001
1001
1001
1166
1331
1331
1166
1331
1016
1016
1016
1016
1016
1001
802
1166
684
853
1051
1178
776
1016
1001
802
1356
802
1333
889
1129
776
1001
1001
1001
1187
978
794
802
1356
802
802
802
802
802
1333
1193
802
802
951
1357
1240
1071
1071
1357
802
951
326
1178
1012
802
813
889
1358
634
802
1286
546
1358
709
951
951
951
794
1358
951
951
951
951
623
888
1183
1183
684
1101
951
951
951
1114
1114
1114
749
1114
1269
742
739
1269
1359
627
749
1127
730
1335
749
978
392
889
1165
889
1360
1282
959
749
1035
978
794
794
794
794
794
1361
1019
1021
508
1178
508
1019
1019
730
730
730
749
749
749
749
794
794
794
794
1326
749
749
508
959
959
959
794
794
794
794
794
794
794
730
1362
889
959
959
794
794
794
1363
682
1048
959
794
794
1216
959
959
959
959
959
959
959
794
794
158
780
1311
684
959
959
959
959
1309
737
959
1311
749
749
749
749
749
749
749
749
749
749
749
749
749
749
749
749
749
749
749
749
749
749
749
749
749
749
749
52
749
749
749
749
749
749
749
749
749
749
749
136
749
684
1062
1084
1190
1019
636
74
681
473
480
1364
422
198
797
1015
226
26
250
1176
250
1365
395
250
576
1295
855
1295
1293
1296
555
1366
495
159
1295
395
1211
1278
1016
1001
1367
1084
889
1016
1016
1001
1368
804
1347
1016
1331
1166
1331
889
1001
1016
1331
1114
1331
1331
1063
1148
1016
684
1115
1038
1001
802
951
1166
1172
1025
889
802
1051
1071
1369
802
802
802
802
802
802
951
1071
1071
1071
817
853
1356
1331
1178
810
1114
951
888
1331
1331
951
455
810
951
1114
1269
1038
1016
1114
1289
1204
1183
1183
978
1230
749
794
657
1019
780
889
978
508
508
794
794
699
749
1362
1080
1370
1371
959
1328
1030
1299
1152
959
959
250
1080
778
1288
959
1372
623
1288
1373
749
749
749
749
959
877
422
623
736
749
749
749
749
749
749
804
502
749
749
749
749
804
749
749
749
749
636
749
749
749
749
749
749
749
1080
749
749
749
1337
176
434
1337
1374
434
1019
1019
1165
395
136
600
74
322
198
1226
748
643
1327
250
250
1294
1297
250
1375
495
289
1366
1366
600
1295
1316
1366
395
136
495
136
395
17
777
1376
777
1084
1377
776
804
1367
777
1348
1331
1001
1318
1172
813
776
1331
684
1222
1258
610
802
802
802
1097
794
1357
1357
1071
1357
1071
1071
1071
1378
1358
853
806
1071
1071
1071
1071
1379
1380
1380
605
1051
1331
1331
1051
959
810
1102
444
1331
1114
1114
1097
709
802
1114
1114
1114
1183
1183
1114
889
1358
742
1038
562
1370
836
1183
1038
1038
1183
749
1137
1159
150
829
1381
749
623
617
595
1382
917
496
1182
950
646
1383
794
794
1339
1229
1289
508
889
794
794
889
823
959
749
889
889
889
889
682
1384
889
1198
1160
553
108
1043
1305
889
889
889
959
749
749
1308
749
749
749
623
749
1385
372
372
395
234
589
136
250
250
250
532
1386
1276
1387
1387
1015
1015
250
1366
250
1068
891
1317
1265
250
250
250
250
576
268
434
1317
1295
581
510
1327
637
586
589
544
586
600
136
1312
495
1327
74
136
434
35
1084
1330
1331
1331
1331
1356
851
776
1225
1071
1357
605
1211
1097
1240
1380
1388
1071
1071
1331
1320
1071
818
1051
1331
1253
58
675
455
1279
1038
684
742
813
1038
959
845
1389
928
817
314
1335
818
853
889
804
889
804
1180
617
724
959
1198
376
889
889
508
889
959
889
889
889
889
889
889
1306
1272
906
889
906
889
1080
1390
889
1170
813
319
749
1173
889
803
1261
1318
605
914
1323
289
372
749
226
1391
974
289
395
906
684
851
1015
136
236
787
136
136
581
1343
555
495
250
250
1327
1327
1365
1167
1345
586
250
1095
395
1295
843
642
600
586
576
586
544
1366
777
1084
1084
1392
1367
777
1084
1368
1227
1367
1114
1367
1354
851
1376
1331
1330
1038
1331
684
1376
1071
1071
1231
1178
928
810
1071
636
851
851
1278
1180
1331
1071
636
1393
604
788
605
1023
776
1071
851
604
952
959
1350
541
1394
1051
817
1038
1051
1087
1183
707
959
595
1395
1038
1198
889
869
749
158
810
889
1175
877
1390
1306
794
889
390
889
889
1302
906
959
814
1325
1288
749
1174
1396
1170
681
1292
1382
1382
226
673
510
510
681
510
395
912
395
891
250
1095
576
1296
1397
1327
250
226
1366
361
588
250
495
1398
777
1367
1355
1330
605
777
802
742
1399
1222
1399
563
851
1231
1353
236
1193
1228
776
1280
851
851
1400
1180
1401
1389
1335
1051
1329
376
1180
1051
851
1204
1051
928
776
978
1402
810
1272
562
928
1038
1183
1183
740
1272
1272
776
1168
1282
1403
957
813
35
889
1361
1019
1080
1127
814
1373
1170
889
592
1072
749
372
1115
289
510
102
226
395
916
250
1015
395
678
1343
74
581
678
380
226
250
1404
1405
250
1406
1367
1392
1084
1368
1084
1407
853
1321
1307
776
934
1408
1408
780
1051
934
1353
314
1270
1180
1353
1385
376
1409
1038
400
1349
1030
1180
1376
1178
1038
319
1280
1279
804
817
1402
889
1395
1026
158
1358
1233
778
851
780
319
928
780
1127
759
928
1198
1127
1080
1360
889
473
1410
1011
35
657
636
759
250
684
1352
102
1015
1015
1296
510
250
250
250
250
250
250
473
1405
136
600
104
1084
1367
1411
1084
777
777
1268
1114
1084
1227
813
1178
1403
952
684
810
818
1407
1412
1412
1408
1180
853
804
684
1413
400
1280
1280
636
1414
786
749
885
748
236
1029
314
714
1381
1182
236
1285
250
1080
669
1182
1272
623
1229
236
623
686
515
621
1410
1100
759
1165
1104
1415
917
1416
636
1019
1112
877
226
1015
510
1417
510
250
250
1327
1296
586
250
250
250
250
395
1345
1392
1331
1330
777
1418
1084
1084
1367
1418
955
1152
1258
776
1051
1051
1051
1051
978
818
1038
1395
794
1038
1280
780
1047
714
690
1419
1144
35
1196
1080
376
730
804
1285
813
778
686
1412
236
736
686
686
690
395
1419
1325
1165
889
510
900
652
1068
906
714
780
906
476
1361
1112
102
250
916
735
250
250
510
622
622
510
495
250
510
250
916
678
250
935
250
1404
495
250
890
250
250
890
1420
916
250
935
1421
1411
1418
777
1418
777
1051
776
928
1403
1051
1422
1051
853
1051
810
1101
1374
1423
851
748
872
400
1047
780
730
1306
1272
1424
1048
623
1410
1024
778
730
730
623
730
889
380
1165
1165
892
780
780
714
780
780
780
851
988
1059
900
778
1059
357
1080
422
890
250
250
510
1425
250
250
250
250
250
1426
250
1015
463
1276
1265
890
250
250
250
250
250
250
250
1185
250
395
1368
1368
1421
965
1418
776
1084
1409
1427
455
810
810
845
889
1423
1428
646
851
1423
988
1429
104
1395
1030
1030
1102
1272
1158
906
682
730
226
623
780
906
1019
1204
1080
906
1019
250
1261
510
463
250
250
250
250
250
395
490
1331
1205
1201
1268
1430
1331
924
690
1422
1279
851
1431
1352
810
1432
646
1433
928
709
988
149
730
1019
1019
1222
1222
236
717
730
1127
906
1019
730
623
1019
652
1019
1112
1339
1226
1080
935
1185
434
1354
810
1038
1051
636
1403
1434
1048
1435
1038
1436
1437
480
730
1284
988
988
1438
851
1287
646
1439
1030
823
1437
1429
1440
786
730
1165
382
1226
1441
1205
1084
1376
455
1196
1330
898
236
1101
889
730
1209
1030
1180
1431
1178
1287
1442
872
851
823
1443
1175
1444
480
623
1181
1374
1204
562
1253
780
1445
860
623
588
929
250
1185
1327
250
590
1407
1330
1038
1409
1074
749
1311
813
1437
786
780
780
1307
1429
1162
1446
1160
813
1447
1207
1303
906
1140
365
510
35
1330
1066
810
455
1437
898
1180
780
818
1320
1448
818
1384
1133
1371
646
1291
1363
1127
189
1449
1032
1227
1040
889
1330
1330
810
496
1291
780
1030
823
1424
1384
1127
1440
662
1446
1450
1059
250
1100
776
1407
1451
1040
646
818
662
1448
662
1423
662
1106
290
1452
1127
697
1451
1284
1024
669
1154
634
226
582
1311
1071
662
634
1424
35
780
35
1330
1436
1355
1268
1413
1137
457
464
226
226
136
136
1415
958
1166
1331
136
188
457
136
136
136
431
422
318
317
136
423
136
136
136
136
136
136
457
136
962
966
938
317
457
136
136
136
995
136
457
457
423
136
758
457
1057
1056
1309
109
142
11
5
323
27
1441
11
11
50
117
27
208
109
31
46
22
323
39
185
82
177
71
41
24
85
85
99
85
85
85
99
85
50
70
345
25
207
305
74
203
430
226
88
174
164
262
31
375
825
85
85
99
85
85
99
136
85
85
85
85
85
99
99
85
85
85
99
85
85
85
99
323
392
52
658
11
11
658
647
11
70
236
39
222
120
31
136
85
85
85
38
38
99
136
136
136
99
85
99
99
85
99
85
85
85
85
136
630
39
807
184
635
11
216
31
64
344
181
39
137
85
85
38
136
99
99
99
85
85
136
74
678
74
92
108
85
411
227
85
136
38
38
85
85
99
136
32
136
109
55
108
136
85
85
457
667
317
317
317
85
85
85
99
85
85
136
136
136
136
136
136
318
315
251
136
65
22
39
48
400
39
317
68
317
317
317
317
317
317
317
317
317
317
317
318
317
318
318
318
318
317
317
85
120
85
317
317
317
136
136
358
136
65
65
431
317
317
317
317
317
317
317
317
317
317
317
317
85
136
85
85
849
38
99
85
85
85
85
85
85
85
38
317
85
136
136
136
136
136
811
514
330
146
120
317
317
317
317
39
85
318
33
708
136
136
85
85
85
136
317
317
99
99
85
317
136
136
136
136
714
136
85
136
457
226
52
317
317
317
317
317
318
120
317
317
136
85
136
85
85
99
136
85
136
136
635
635
635
635
635
136
136
146
39
85
108
136
317
318
136
85
85
85
85
85
317
136
136
136
136
85
317
136
136
136
85
85
85
85
136
136
136
85
99
99
136
136
136
457
457
136
803
681
154
136
136
318
136
136
136
136
136
216
129
457
562
138
317
317
317
227
317
317
99
85
136
136
38
38
85
136
318
136
457
136
136
293
136
136
136
136
136
457
881
39
317
120
858
52
136
136
99
136
85
85
85
85
136
136
268
203
279
226
1342
136
85
85
738
317
85
580
99
99
457
136
136
99
317
136
457
136
85
85
32
52
218
480
85
85
228
99
99
85
99
136
99
136
136
136
99
136
136
85
85
950
48
318
1453
85
85
99
457
317
85
85
363
1014
393
776
306
849
85
72
317
476
317
318
99
99
99
99
99
1016
72
318
318
543
136
136
136
681
755
635
635
635
188
99
425
72
39
120
136
120
38
431
707
72
85
85
317
317
317
489
72
199
1055
318
317
318
681
226
387
959
239
1057
317
959
568
508
1166
249
1454
911
226
214
920
918
72
812
5
860
543
847
629
630
630
390
941
483
3
119
967
868
868
893
630
937
1455
610
154
623
1134
567
913
891
893
893
940
432
432
432
432
802
1195
635
635
635
218
72
397
1001
889
72
188
390
226
392
993
392
950
1199
136
232
1195
845
794
635
1269
482
774
845
697
749
72
697
697
697
697
697
697
810
333
947
1227
1431
776
845
623
751
218
431
697
697
636
697
697
697
697
218
227
432
1064
42
1216
624
756
1166
478
682
1223
1223
769
376
851
963
963
697
703
390
697
697
813
813
697
965
136
853
617
1051
1051
1149
482
483
1038
1209
1189
825
390
213
303
697
776
954
776
813
580
508
1286
365
218
226
888
987
1064
1307
508
495
1041
198
701
391
934
1083
845
1212
1423
1456
624
814
1376
444
751
1021
508
737
1425
1195
1189
1189
1189
226
226
853
1014
805
959
959
1165
1037
1088
226
802
802
953
226
1114
951
226
226
226
198
226
776
158
314
1457
1189
1457
1148
1115
714
810
508
1322
899
965
810
432
508
432
392
789
1033
959
749
776
605
1402
810
150
1021
792
476
1433
749
1033
1189
1037
1083
1009
1051
1064
1458
749
580
1357
1231
889
1088
845
1048
959
1209
690
959
176
11
988
1211
959
250
853
804
1411
901
686
1038
959
748
1350
885
951
1001
1001
951
1333
1166
950
959
889
1001
1016
1001
780
802
1445
684
1278
1241
749
1097
851
1038
978
1183
453
453
1198
776
226
1095
1037
1187
1349
1172
1331
543
450
978
1166
1166
1459
1388
1330
250
508
198
326
1442
330
198
803
1370
1408
1426
39
1460
1001
1051
1215
1299
959
978
1282
198
707
837
328
495
544
709
1114
1298
794
1182
810
776
1093
776
929
227
1417
189
951
1166
951
1166
684
1001
1114
951
951
1166
1166
1166
951
951
951
951
1114
802
1449
1333
951
951
802
1114
802
1030
1166
1331
1166
1166
1166
1114
1331
1331
1331
1166
1166
1001
1166
1166
1331
951
951
951
951
1166
1166
951
951
1166
1166
1114
1166
1166
1166
1114
1166
1166
1331
951
951
1166
951
1166
1166
1166
1166
951
951
1166
951
951
1166
646
825
476
959
1080
1001
1016
851
1084
951
1166
802
802
951
1333
1166
1166
802
951
802
1333
1166
1166
1016
1380
951
1333
951
951
951
951
1114
1409
1333
1114
951
1114
1071
776
889
978
1327
1016
851
1016
1084
1001
1016
1001
1114
802
1330
1114
1114
794
749
1258
813
921
749
730
1016
794
1001
1331
774
804
1272
1396
1377
1331
978
1280
1071
818
198
678
916
250
85
965
1204
1368
1211
889
250
623
250
1265
1331
851
1354
1399
851
236
1176
1233
1325
1367
1280
1068
250
1365
1367
1222
1423
778
690
684
495
250
1327
1205
1084
1418
1330
19
933
623
1410
19
1417
1417
1185
1461
483
1418
777
1178
851
1015
1198
797
694
250
1445
1165
906
1413
496
35
32
1040
1330
801
4
4
4
68
27
31
31
31
4
74
140
11
41
19
42
11
31
42
11
27
11
4
11
165
109
11
4
27
103
31
11
61
164
60
31
213
77
68
11
74
22
78
120
86
75
31
20
82
364
583
31
116
498
31
11
31
11
49
32
32
251
32
5
489
1032
28
68
78
842
29
73
74
278
54
31
32
28
133
11
19
32
74
74
11
31
74
74
31
177
31
31
386
297
499
133
253
50
32
11
144
192
32
74
198
74
74
31
31
438
68
11
74
164
74
38
32
190
32
32
25
31
74
110
183
5
5
842
74
164
207
279
25
32
31
25
47
120
133
255
206
216
300
260
74
151
11
157
1
198
144
175
452
52
76
175
416
85
585
108
1068
11
38
25
308
11
469
258
39
68
68
108
188
25
31
31
11
52
6
386
412
411
87
385
68
486
74
50
74
74
31
32
548
120
5
129
342
381
263
157
26
93
485
68
228
236
246
240
157
628
231
735
176
210
68
1200
1125
25
74
483
1075
420
44
44
31
672
226
637
68
465
936
392
148
1462
379
74
548
208
611
465
496
434
109
144
391
630
630
1012
273
361
434
61
491
724
726
292
392
810
321
12
285
357
511
524
1189
74
109
278
72
72
391
119
449
26
601
188
188
632
489
681
681
939
74
226
39
110
150
198
392
1462
1064
825
671
348
387
150
392
701
218
255
748
255
320
392
1235
392
392
538
392
432
314
432
1463
434
482
12
198
953
44
200
629
707
707
434
681
1174
619
397
42
255
697
697
588
109
392
392
895
392
605
803
508
782
72
813
2
35
292
1021
895
226
218
699
923
1132
749
623
989
397
358
1353
776
1001
1280
395
917
636
1166
855
1080
714
1276
730
31
317
51
51
25
146
39
61
68
12
85
85
132
447
377
87
85
99
99
99
136
136
146
135
39
87
32
116
136
87
31
317
136
434
74
74
318
317
317
317
317
318
136
136
434
236
236
317
85
136
279
651
1173
226
422
188
708
758
966
1014
1043
1406
1376
995
72
995
1055
387
25
4
22
12
65
5
27
5
144
138
52
27
31
22
444
65
20
27
20
197
85
85
85
31
480
25
52
39
32
61
78
842
39
22
120
39
99
99
85
99
38
39
138
556
556
306
1007
226
1107
99
425
317
65
357
1068
357
25
65
39
165
72
85
85
85
136
136
85
136
136
99
136
136
85
85
85
85
85
85
85
85
99
85
85
136
136
136
136
136
136
85
99
85
85
85
85
99
136
85
99
99
99
136
85
85
85
136
99
146
146
635
518
226
257
700
65
53
109
148
111
226
289
39
65
17
205
306
317
317
85
136
358
39
317
317
317
317
317
317
317
317
38
317
317
318
318
318
318
318
318
317
136
317
318
136
552
552
236
236
1464
203
277
236
306
1
282
1068
183
668
99
99
945
344
318
99
99
99
85
136
849
317
136
136
203
53
422
85
120
317
136
136
136
85
457
136
457
120
387
457
17
188
145
587
85
425
136
359
228
120
423
425
136
53
548
226
466
706
218
109
227
742
972
397
508
951
1222
605
742
1222
1222
1148
731
358
120
306
422
508
72
676
234
392
584
552
138
136
228
72
292
273
1166
1331
12
12
889
882
1014
1465
250
226
681
1019
1362
1037
985
397
1260
1278
226
226
717
1030
731
1166
359
431
821
1278
775
889
810
1088
1151
1151
731
1033
1459
1195
1459
1043
851
1222
889
1080
889
1172
780
1187
1335
1376
1280
1001
951
395
709
1196
1466
1467
250
600
380
395
576
136
1417
1366
1166
1333
1333
802
1333
1166
1333
1333
951
951
1166
951
1166
904
556
906
1019
1165
1097
1376
6
405
6
1325
61
906
9
4
4
6
6
6
334
6
1033
183
109
65
87
65
60
31
386
476
182
417
390
292
1068
32
568
148
432
72
681
1446
188
727
250
1095
422
236
462
1080
226
889
154
136
136
1115
656
85
260
764
407
218
747
136
120
99
1037
1195
1209
1195
1149
12
252
539
392
1021
978
917
917
1383
1468
99
182
136
136
457
665
395
1043
689
32
116
85
99
323
807
85
39
1
635
85
457
136
317
318
120
226
317
317
318
318
317
317
38
99
136
318
120
85
136
120
136
136
457
457
317
136
39
317
119
136
888
447
99
85
85
605
1043
656
536
982
239
1469
191
12
206
287
1014
1278
72
226
717
851
888
954
1235
767
997
1470
1021
363
1444
1437
1176
978
1471
74
959
959
1166
794
1397
802
951
802
877
777
1333
776
495
1016
749
1418
1412
1040
544
605
395
889
395
136
415
1030
11
74
11
449
11
74
74
25
1002
74
25
25
11
619
318
237
79
537
198
411
392
218
392
85
136
318
234
457
632
802
287
109
226
853
72
72
12
784
255
309
1472
184
226
359
560
851
1473
756
226
887
198
876
955
853
226
455
445
226
813
697
697
697
697
697
966
697
697
697
697
952
978
959
684
301
226
707
602
636
295
1259
749
1474
794
576
794
794
794
959
959
136
950
749
573
1016
1016
1001
1001
1001
978
254
1227
794
749
85
395
524
802
802
951
1114
1114
959
774
888
749
158
576
136
1001
1001
1016
1016
1001
1016
1016
1016
1001
786
70
115
128
23
69
22
11
11
11
80
22
25
32
31
31
60
94
258
43
60
31
6
119
119
476
74
74
201
11
552
136
425
120
630
226
188
226
1165
226
432
1138
1015
463
31
90
65
11
421
358
52
504
31
656
218
1147
27
377
11
39
396
273
136
227
434
434
270
226
227
568
187
480
455
333
453
391
255
149
392
435
434
953
5
200
5
314
453
48
5
561
571
1108
184
292
12
731
72
392
85
136
978
1312
742
60
422
1459
236
368
183
703
707
444
154
756
321
72
726
697
941
899
1020
963
928
1129
966
255
1475
1114
1298
539
1221
1124
1476
1457
814
776
1016
1060
989
684
813
11
250
10
978
889
508
1166
802
951
776
802
1001
1001
1016
1001
951
951
1114
1087
950
1190
794
175
210
3
33
11
4
74
31
281
25
31
141
109
11
263
231
188
74
74
31
70
231
658
231
317
317
315
383
68
157
198
341
78
312
188
120
422
226
226
730
919
102
12
183
392
226
188
146
136
317
236
221
395
1437
31
61
65
12
360
1
318
318
188
957
534
6
1450
226
214
978
888
188
1101
474
911
164
144
273
317
727
1285
392
193
74
434
554
390
701
392
392
392
1462
109
5
44
1336
810
1462
811
390
346
909
883
883
811
183
434
474
392
188
959
60
331
129
284
1312
1278
697
251
850
182
39
804
1014
32
697
72
270
1306
821
12
318
422
1001
51
343
758
236
188
1089
1125
394
697
697
351
250
392
322
136
12
5
317
188
605
1475
742
226
85
85
794
399
136
246
12
584
250
841
226
578
279
226
136
70
226
431
72
749
226
188
188
136
136
136
136
874
687
333
136
136
508
813
966
966
742
778
697
249
818
198
120
136
136
508
585
277
742
1067
279
5
888
535
443
434
226
85
85
226
889
226
213
616
1096
853
1278
593
326
952
748
395
85
860
509
1172
600
600
395
395
1221
646
395
395
730
703
748
748
796
422
1001
250
581
326
502
1165
1312
226
326
1080
136
136
978
1019
889
623
136
600
136
136
889
395
1388
380
1175
287
1165
1276
48
654
780
1307
20
11
11
270
32
92
26
31
182
68
32
11
39
27
155
43
31
277
183
11
31
20
31
31
85
31
452
31
453
85
99
136
136
25
120
278
72
486
146
31
146
54
120
170
65
395
146
478
85
136
136
216
457
85
31
323
138
4
392
317
317
317
317
136
136
317
1365
748
317
85
317
136
379
318
85
273
136
145
889
951
226
697
1475
138
602
1422
230
395
802
1331
1075
860
845
778
250
19
165
60
133
31
336
65
116
874
394
108
188
612
441
387
72
279
359
11
138
52
61
12
978
85
136
136
85
39
317
317
742
742
1071
72
1033
778
805
1080
49
120
72
136
555
490
250
250
84
99
932
605
358
1189
127
74
146
742
72
588
1009
392
226
319
292
33
318
136
74
157
279
317
849
136
457
1079
52
509
203
446
136
120
85
123
1477
692
99
74
317
445
317
518
359
658
277
292
392
39
170
120
120
218
109
5
508
52
12
5
277
12
800
198
785
273
358
191
72
12
188
1079
747
255
226
317
397
422
749
250
853
1422
929
85
38
136
258
87
12
188
11
1464
317
317
687
218
136
136
136
136
708
697
1064
802
1033
22
462
882
99
1221
306
236
48
387
218
697
476
602
183
889
1144
1144
741
1102
889
188
39
72
170
226
1001
1219
188
8
183
85
74
422
431
849
231
1075
318
85
144
257
72
776
250
1478
317
457
411
151
697
748
1
817
508
1433
1217
395
607
780
270
318
72
663
136
136
396
136
136
72
279
959
1018
951
1333
951
813
25
74
6
72
99
120
317
85
72
136
559
748
13
697
684
1190
226
653
52
317
681
32
1475
31
317
473
85
1165
205
317
1128
12
99
603
317
234
397
387
53
434
434
226
150
903
318
4
144
32
136
22
72
1130
636
1143
951
85
751
1111
1
292
85
804
922
617
1276
250
227
1080
11
56
11
32
180
31
186
11
25
478
85
85
136
39
563
85
136
136
136
136
457
136
85
791
317
85
391
198
1479
697
1142
184
537
904
1014
684
301
951
951
684
636
1165
326
749
1388
175
68
234
287
31
226
313
508
1009
31
317
317
317
656
226
859
85
85
1479
317
120
109
810
1223
605
745
1290
226
109
136
318
331
502
978
889
395
1312
1165
33
418
395
226
395
136
533
85
226
681
605
3
74
144
441
109
12
444
827
889
317
317
1015
694
226
742
226
742
120
5
422
978
623
88
747
250
52
11
11
358
417
941
1065
489
136
106
318
136
1196
306
889
154
1028
583
474
457
198
432
188
227
455
136
573
226
136
136
1295
776
124
137
12
5
52
155
5
72
617
623
27
25
226
32
359
549
136
176
555
337
855
85
269
5
136
249
422
395
319
226
1019
889
184
82
25
52
226
1417
12
72
950
1480
853
38
136
145
572
228
65
72
864
72
730
951
287
287
749
395
6
155
682
251
188
188
11
4
136
457
317
317
317
38
457
136
136
136
85
749
1319
697
697
486
951
957
93
1332
434
34
74
475
68
425
236
236
85
226
282
317
138
270
635
118
508
878
357
817
1195
1359
1015
1222
1348
1265
317
810
1098
279
1014
1001
1466
751
27
318
564
701
834
227
1400
422
395
1187
39
571
248
317
39
85
1037
31
72
85
358
218
535
146
146
392
504
120
813
318
457
387
480
431
638
392
136
85
953
120
72
245
74
234
3
108
411
81
136
785
508
697
85
226
1057
1056
226
85
218
136
425
120
218
188
188
136
457
457
425
1019
72
99
320
85
730
5
392
398
72
1166
976
708
10
227
796
684
39
911
42
1086
478
120
120
87
1075
85
85
730
42
138
151
331
456
1162
457
1227
248
85
622
22
1111
120
120
1121
136
318
136
684
1021
851
317
209
586
99
72
278
85
31
218
32
432
11
119
490
74
303
915
231
136
136
99
72
681
391
551
108
1443
256
306
52
333
85
413
11
32
636
476
12
214
751
72
72
250
72
85
782
31
250
422
12
120
951
1481
39
170
99
480
434
292
85
889
623
74
287
887
390
85
166
317
68
457
318
1003
109
85
85
318
144
12
38
317
276
32
624
38
68
136
844
317
85
85
802
457
136
580
11
39
831
136
250
39
32
317
1014
85
25
317
136
563
453
136
1089
217
799
166
110
317
99
533
1005
457
610
517
457
39
825
344
636
31
537
252
874
431
279
27
52
456
74
1149
279
425
109
74
1222
226
25
27
1038
1030
85
318
509
226
136
11
218
39
85
635
136
136
1254
510
136
810
1202
292
1226
136
136
970
1016
773
233
170
218
272
74
65
120
74
85
85
959
48
2
203
194
1387
1148
68
605
932
135
11
85
136
707
85
697
85
318
136
85
318
155
425
184
27
318
85
85
38
38
552
31
1209
39
457
486
425
270
39
508
543
467
1482
742
623
279
317
44
511
453
511
183
126
453
511
27
184
1
486
4
453
184
5
99
531
292
74
472
74
50
27
65
410
395
813
592
292
392
31
588
108
1239
395
149
476
12
226
687
359
120
714
68
1030
888
299
319
120
591
119
958
449
11
386
226
1483
325
987
39
1117
325
1179
730
11
4
136
419
988
31
120
31
543
227
359
74
74
135
74
74
59
508
74
11
226
1366
74
60
63
226
31
434
98
27
295
25
22
295
31
878
84
520
86
500
1443
58
11
27
1051
65
544
508
937
457
25
39
1402
136
58
166
116
1297
808
136
1392
1
495
1133
1437
1089
463
387
997
68
1484
11
427
31
810
991
99
136
250
1376
250
1077
959
325
206
1468
813
182
116
171
959
1376
287
74
560
1257
22
1311
776
1083
802
1373
813
318
85
1466
31
395
135
68
1423
99
1225
267
48
157
472
970
1038
959
361
11
226
1259
250
39
1051
68
459
31
22
1063
116
425
6
400
794
354
1058
226
1485
878
719
740
1041
226
1451
477
684
1258
889
1486
808
226
776
1487
818
251
744
277
1038
367
395
120
1266
250
1403
74
226
226
730
5
460
120
31
1488
422
287
395
1417
322
31
864
250
496
250
954
226
136
5
1221
872
794
1374
1170
233
1189
814
355
158
65
55
36
1064
226
226
120
1489
