1
2
3
4
5
6
6
7
6
5
5
8
7
9
10
8
11
12
13
14
12
9
7
15
9
16
12
16
13
17
18
17
19
20
21
22
4
4
4
5
23
4
4
4
4
24
7
25
26
8
27
28
29
30
31
32
33
34
35
30
30
36
36
9
37
38
22
39
40
41
42
43
44
45
46
42
47
48
49
50
51
27
52
53
54
55
11
56
57
58
59
60
61
62
63
64
65
66
67
68
57
69
58
70
71
72
73
74
75
76
77
59
78
79
80
67
24
22
22
78
81
22
22
22
9
82
72
83
22
84
80
85
86
87
88
80
68
69
89
80
90
91
22
22
22
4
4
92
4
4
93
22
94
22
7
24
84
22
22
68
95
58
87
96
71
69
97
80
87
98
78
87
77
99
100
101
68
102
60
68
68
22
9
102
4
103
104
93
4
4
4
66
105
78
80
90
74
106
107
108
109
85
75
22
101
110
64
76
93
111
93
112
68
22
113
7
7
4
4
114
4
115
116
117
92
75
100
93
109
101
68
7
22
35
31
118
41
45
119
120
120
120
121
110
45
122
100
22
123
101
101
93
113
115
4
120
124
45
125
36
126
127
128
6
129
130
131
126
101
132
53
35
110
101
133
134
18
135
9
131
136
137
35
126
35
30
35
35
7
138
139
131
140
33
66
141
15
75
142
35
35
143
144
145
128
82
117
146
147
148
43
126
149
43
101
150
126
151
101
152
153
154
155
156
157
158
159
117
160
161
162
163
153
164
165
166
167
168
169
151
43
151
126
170
126
117
166
117
171
172
117
173
36
174
41
42
175
176
177
29
117
178
175
172
179
179
175
180
181
182
136
30
29
183
184
42
9
185
56
152
186
108
176
182
129
187
188
49
189
155
31
182
190
117
117
117
41
187
191
117
192
154
29
30
30
108
193
29
194
195
30
196
197
198
199
200
201
192
187
202
203
202
41
173
204
205
27
137
206
207
53
138
208
117
126
209
33
189
202
168
210
36
53
15
108
30
153
117
211
159
27
212
213
214
215
216
217
53
218
219
149
220
155
188
189
178
150
31
51
51
221
54
202
222
223
49
224
138
45
49
176
202
223
3
225
226
11
227
228
227
227
228
229
230
231
66
232
14
233
234
64
69
69
66
59
66
235
66
66
236
237
7
86
232
238
57
239
66
240
57
69
116
75
241
242
77
243
244
245
246
58
247
69
248
69
249
75
250
100
100
129
74
64
4
251
252
66
29
253
254
83
91
64
241
103
93
4
4
4
4
4
115
255
256
69
109
257
98
240
111
111
258
104
35
259
101
35
120
41
45
118
27
260
45
166
261
96
262
78
154
263
264
9
99
68
35
166
41
166
265
160
68
266
267
129
53
144
101
268
101
229
35
35
45
35
198
196
180
196
269
41
270
166
195
271
15
45
272
273
56
274
273
275
139
273
276
277
273
101
142
278
35
51
18
279
280
280
206
198
209
209
281
41
41
29
282
283
284
285
256
200
263
40
286
287
210
256
147
43
126
101
288
278
289
225
290
30
155
41
291
292
293
294
165
279
206
29
165
29
295
296
42
297
298
88
299
300
200
301
110
154
168
302
139
303
150
304
305
306
307
218
210
308
204
281
239
31
309
310
311
175
198
196
312
313
314
315
139
53
316
224
168
172
317
139
316
28
307
302
53
36
45
192
318
33
25
187
319
189
25
165
205
23
320
321
322
303
323
277
324
129
325
303
210
326
303
53
302
51
210
327
152
281
15
328
189
155
181
30
54
210
329
307
330
307
331
332
117
201
333
201
189
334
201
28
9
335
175
214
336
302
337
338
188
339
39
340
25
144
170
291
183
341
342
27
343
344
345
344
150
201
168
152
346
117
189
201
347
46
155
314
348
349
337
195
202
187
350
139
31
351
352
353
27
168
187
187
354
355
226
355
356
228
355
228
225
227
225
227
225
225
225
355
225
227
227
227
227
225
228
228
225
355
355
225
227
228
228
225
228
225
355
355
225
357
357
51
358
358
359
343
234
360
59
361
45
362
363
364
116
365
366
217
367
233
367
201
368
369
248
370
371
35
360
372
255
373
374
375
69
273
376
29
73
377
378
379
380
367
381
4
382
383
384
383
385
386
384
387
388
378
389
66
80
240
345
62
390
275
4
35
35
104
4
391
392
392
393
360
255
394
100
256
300
316
104
395
60
258
4
41
35
41
196
41
41
155
41
396
145
201
148
343
343
397
51
397
24
9
189
398
45
41
41
294
292
41
165
153
41
196
29
9
254
399
194
303
400
300
300
263
401
45
18
179
41
294
41
402
403
155
41
155
404
369
405
316
405
406
206
51
41
292
82
188
296
88
407
200
408
409
263
317
410
411
306
412
306
306
144
237
201
187
189
413
292
160
414
364
415
416
417
224
418
321
419
369
302
321
332
54
420
204
31
327
42
296
408
421
422
423
307
424
416
425
210
426
277
256
427
201
49
428
44
135
429
341
430
174
431
140
432
433
307
434
113
166
334
39
168
435
436
49
177
45
81
437
31
189
438
195
197
439
277
323
440
441
442
443
444
445
446
447
187
155
292
283
205
448
449
302
450
251
451
452
54
256
453
454
349
350
455
195
448
456
423
457
458
174
459
460
461
462
201
463
464
15
309
449
216
465
461
321
45
466
205
467
431
456
456
337
468
256
469
45
470
471
208
168
291
19
45
472
195
285
473
355
228
225
355
355
355
225
355
474
475
27
476
201
355
228
355
228
225
225
228
228
225
225
355
227
228
228
228
228
227
227
228
225
225
228
228
228
225
228
228
227
225
228
225
225
355
225
227
227
225
187
477
225
355
357
357
263
170
194
478
479
366
79
426
79
480
371
233
233
370
116
481
29
125
482
232
483
190
484
485
486
482
483
194
321
487
75
488
489
327
345
78
4
4
490
491
492
232
393
7
468
493
68
494
495
496
497
411
498
498
499
500
501
502
499
387
503
45
41
504
505
437
97
343
60
35
258
90
506
507
368
93
508
509
510
75
511
511
512
304
513
514
515
511
516
517
327
518
196
191
519
262
96
345
107
72
274
203
72
512
40
45
32
81
41
520
29
521
89
522
262
523
318
148
45
288
336
274
103
191
282
41
524
525
526
210
395
527
134
103
45
413
41
314
254
528
529
513
444
380
339
51
316
206
25
25
506
378
177
117
137
41
41
197
530
531
249
210
334
406
532
430
117
201
533
333
452
316
394
534
210
535
536
51
210
369
327
537
197
282
160
538
539
345
540
256
406
407
541
542
210
304
304
287
39
543
51
332
32
189
177
41
341
342
167
544
9
218
263
545
287
256
459
256
327
177
291
337
546
302
547
425
450
467
263
53
140
201
548
535
210
176
310
549
302
334
140
417
541
263
470
550
436
551
499
356
224
330
552
553
432
218
461
67
554
555
556
175
188
417
405
45
218
295
197
42
409
557
470
156
155
195
558
438
475
344
355
355
559
355
560
374
561
214
355
355
225
225
225
225
355
291
477
355
225
225
225
228
355
228
228
228
227
228
228
225
355
355
225
357
357
357
357
357
357
357
357
357
357
357
562
357
563
41
564
366
194
59
483
565
309
29
371
1
566
567
500
116
41
116
155
568
569
371
316
371
521
194
270
118
570
571
572
521
316
74
573
574
387
387
41
575
576
366
577
236
521
578
329
329
579
517
490
490
503
496
580
465
581
383
582
583
584
381
394
514
299
475
191
381
366
406
254
301
322
210
585
516
4
4
165
41
41
10
46
46
300
586
459
459
322
587
277
324
588
229
148
576
106
589
32
41
234
590
591
524
592
318
139
593
298
194
594
191
475
41
41
148
141
405
148
506
381
595
514
596
256
218
597
26
499
499
328
598
41
9
345
599
334
553
600
256
339
339
321
64
32
601
198
163
269
296
24
334
299
602
436
218
395
51
603
339
256
604
9
191
605
450
140
553
564
606
606
607
608
256
444
535
256
609
537
282
520
610
45
450
287
611
256
454
395
612
613
613
614
15
615
553
616
405
617
322
436
415
189
32
197
117
618
218
619
161
140
344
192
355
204
620
15
621
622
198
438
15
537
623
208
624
205
625
197
461
450
553
281
356
168
466
175
44
614
476
302
626
627
201
283
189
438
138
207
464
628
187
218
403
257
197
207
629
9
476
456
287
281
630
631
45
291
632
201
456
168
633
634
634
327
355
560
202
543
635
355
499
636
637
638
54
54
225
311
225
355
639
640
641
642
374
643
355
355
228
644
645
355
355
646
647
355
355
355
54
357
331
357
357
357
357
357
648
649
650
470
651
29
41
292
652
41
653
654
208
318
345
655
655
656
274
657
500
327
500
658
576
659
600
541
521
546
660
661
662
103
656
370
262
598
41
232
482
85
85
85
69
525
240
663
664
665
32
567
360
666
484
186
242
484
240
484
484
667
655
114
383
496
498
244
668
465
669
232
32
191
541
660
343
45
670
671
166
406
406
665
481
672
376
345
673
60
674
402
208
140
300
410
445
604
60
45
413
393
393
32
41
41
269
96
675
676
380
380
67
92
677
45
45
393
23
678
47
679
680
557
380
681
682
45
393
208
218
683
684
450
578
465
430
685
686
687
688
218
304
15
689
690
306
424
687
513
45
210
231
427
81
544
686
425
691
161
317
436
326
436
692
606
436
256
343
51
436
500
41
693
694
1
610
529
458
336
695
256
436
543
395
696
697
433
61
531
698
155
699
684
634
700
443
701
427
436
702
703
41
413
193
41
196
155
698
704
45
705
161
706
535
707
708
709
413
413
710
711
563
203
712
51
713
9
689
714
197
225
710
481
563
511
424
715
202
470
716
698
717
718
320
158
719
720
187
721
119
722
720
15
373
723
631
555
724
725
467
357
196
204
422
202
726
724
293
614
263
348
577
355
355
355
727
556
466
32
45
711
728
634
634
634
634
355
355
202
202
729
357
45
730
731
732
355
54
54
54
32
520
293
355
228
733
45
32
734
516
735
168
736
355
174
737
738
559
225
228
739
54
357
357
357
357
357
370
740
357
357
741
742
743
744
745
357
21
292
222
209
371
746
661
747
402
748
749
750
751
752
366
425
521
753
678
246
510
345
194
191
636
749
754
541
106
75
605
106
755
478
541
756
757
304
758
343
759
345
556
664
134
567
191
760
361
255
79
79
45
266
761
457
237
478
762
492
763
660
615
598
265
690
590
532
764
106
375
375
79
256
45
218
155
481
490
765
766
41
232
155
170
767
530
7
79
768
4
699
358
567
120
32
32
155
769
41
82
50
770
481
436
771
45
258
45
155
718
587
772
299
755
242
236
701
688
557
304
92
32
45
226
41
773
321
290
45
774
775
690
776
105
768
208
334
695
307
777
778
45
355
45
671
689
41
779
780
780
525
645
781
782
436
542
535
32
232
7
707
391
353
143
606
685
615
783
344
784
344
462
785
413
217
262
786
787
260
611
535
788
789
500
45
698
260
790
155
691
539
791
792
704
453
256
177
690
793
704
355
120
725
499
41
269
449
704
318
794
795
470
119
499
317
788
696
454
796
196
215
797
5
45
45
798
272
799
542
800
719
351
454
614
801
449
802
632
540
348
803
175
304
32
804
461
282
474
539
794
550
310
729
805
187
520
293
216
38
634
67
739
735
470
806
257
32
119
257
195
196
807
355
808
809
735
220
470
520
178
802
431
337
739
739
739
355
438
633
328
520
178
159
810
281
736
736
736
355
689
520
360
41
689
383
195
357
215
220
207
355
736
355
355
355
32
467
42
290
195
448
54
355
795
357
811
559
516
634
812
654
813
228
228
228
227
360
357
357
357
357
357
357
814
562
360
735
357
357
357
357
357
357
357
741
59
41
194
357
357
171
815
470
816
116
402
620
470
238
817
818
239
819
384
820
329
281
125
567
402
105
590
564
757
317
604
400
526
505
257
262
821
822
304
79
732
541
823
616
591
824
825
656
133
583
479
361
758
79
826
827
828
72
829
274
759
830
831
832
9
406
833
57
834
106
155
246
198
45
217
835
459
45
683
465
836
45
155
191
837
590
161
98
645
355
32
196
155
838
528
839
404
840
682
680
45
413
828
404
841
254
842
843
45
594
355
282
232
467
281
707
15
41
844
615
118
304
489
697
513
25
41
594
576
845
638
51
443
677
41
188
846
576
847
272
848
304
170
387
520
849
625
716
41
10
10
677
11
596
253
696
81
850
851
852
853
770
399
436
854
282
282
613
282
855
641
856
774
41
857
415
348
858
119
293
859
698
860
684
610
861
647
257
693
774
862
799
711
293
863
809
257
253
155
520
614
864
159
37
855
480
865
256
309
736
625
866
633
626
281
266
739
867
815
868
869
42
870
201
470
871
45
739
739
54
54
735
636
230
872
207
119
614
614
873
739
739
54
735
804
614
874
875
422
739
735
636
693
283
774
876
257
736
736
736
736
355
355
355
877
466
644
774
878
879
642
614
614
44
195
614
331
736
736
736
736
355
355
225
355
880
880
881
882
283
811
54
355
355
54
205
195
500
811
883
355
355
884
885
195
708
313
869
559
403
886
228
225
225
357
228
225
357
225
482
887
740
357
357
357
736
357
481
7
888
232
483
357
357
16
740
858
371
889
357
357
357
890
891
881
371
665
133
500
741
892
893
894
746
343
402
402
324
895
407
757
757
106
14
705
194
382
896
480
896
562
541
757
267
659
79
299
326
724
371
262
897
898
541
140
84
595
54
625
899
594
729
900
541
901
895
902
902
903
679
904
905
656
235
829
483
852
240
375
852
849
155
781
906
907
45
717
908
909
910
911
912
913
519
914
45
260
639
915
45
45
41
709
10
916
827
734
831
917
143
45
45
594
32
467
449
757
456
366
918
467
919
920
919
896
610
45
891
612
38
921
922
852
923
523
924
925
777
270
690
926
632
927
928
208
253
392
606
668
15
929
585
930
46
830
931
365
547
606
436
436
436
51
858
222
856
628
312
930
214
932
476
933
790
787
96
344
934
935
196
282
282
932
930
932
930
38
936
38
118
557
436
343
777
155
937
449
938
936
38
939
46
439
596
782
511
343
809
447
774
802
709
187
499
940
175
817
363
912
860
196
167
413
319
794
334
719
19
118
119
556
449
520
118
941
610
546
161
253
942
943
461
944
945
946
859
289
189
18
598
947
948
67
949
43
950
735
735
735
735
735
735
466
620
806
934
159
159
693
555
938
559
511
873
641
739
739
735
735
735
735
951
774
642
283
159
906
870
952
677
920
953
954
67
739
735
735
54
466
257
207
289
878
269
282
520
850
449
936
806
563
955
739
54
225
225
225
500
736
956
614
957
555
958
118
438
592
736
736
736
739
225
225
470
654
357
547
572
195
461
614
637
870
355
636
736
355
885
716
729
935
959
802
178
178
42
461
559
960
894
885
636
355
355
885
657
714
283
460
961
178
962
958
963
207
283
958
461
654
878
282
204
471
173
207
959
178
654
964
965
355
966
862
967
355
355
20
633
967
228
228
225
225
228
968
740
355
357
969
741
225
357
740
225
735
357
357
357
741
740
357
357
357
357
357
357
357
357
357
673
970
971
972
73
29
232
913
357
357
357
357
973
897
729
483
396
115
357
357
974
382
975
974
975
568
408
910
479
898
67
976
889
977
450
440
710
247
978
268
54
972
858
897
458
732
729
600
979
303
900
447
727
675
208
904
242
274
245
980
264
541
979
645
979
404
691
981
982
913
450
982
983
984
985
984
986
909
414
987
665
45
898
988
760
75
984
593
607
989
909
990
889
991
358
992
155
656
898
84
507
993
208
955
794
917
502
594
976
994
749
919
676
995
112
787
293
849
9
137
392
996
794
684
931
997
909
45
118
998
414
919
804
843
651
999
1000
155
773
281
15
499
41
46
231
815
809
171
785
906
625
188
997
988
1001
436
436
511
1002
982
1003
1004
1005
1006
794
809
1003
155
46
467
1007
15
1008
281
43
436
436
257
447
500
724
637
1009
456
604
343
689
32
724
843
281
848
1010
725
155
356
537
912
633
344
608
470
849
1011
567
461
120
355
835
959
719
67
473
289
170
461
185
692
1012
827
269
871
815
1013
378
378
1014
438
563
1015
450
1016
979
735
735
735
735
873
1017
162
281
67
548
735
735
735
1018
358
159
159
159
870
963
701
1019
423
23
781
470
470
466
500
357
811
461
159
438
843
422
623
1020
904
739
225
228
567
774
461
614
283
958
42
598
207
1020
565
736
736
225
231
572
461
572
283
939
863
282
614
637
1021
1022
653
738
225
357
714
282
195
1023
42
461
1024
385
738
355
880
827
657
1023
812
350
1025
708
1026
559
1027
355
204
856
942
500
567
19
19
1026
466
463
527
339
1028
802
702
225
225
357
54
1029
355
357
357
357
357
357
357
357
568
740
225
942
970
742
357
246
942
1030
858
357
801
1031
233
357
357
357
621
973
4
29
115
739
357
970
423
212
1032
106
842
1033
1034
541
659
705
355
658
194
594
567
450
1035
1036
752
541
901
902
66
581
343
880
1037
389
858
742
1038
637
541
979
819
758
655
219
1039
1040
450
592
1041
423
976
1042
208
1043
645
1044
1045
498
125
935
178
449
384
908
629
1046
323
603
705
1047
304
762
1048
343
437
617
1049
645
1050
656
242
760
752
619
565
794
912
1051
1052
1053
900
399
919
490
269
999
909
437
1054
1055
1056
515
1006
1057
645
1058
502
45
348
781
1013
777
1059
494
856
328
155
598
724
1060
919
724
500
1061
1062
912
835
684
1063
848
436
1003
809
641
641
658
155
170
765
1064
10
860
1065
720
1066
902
1067
809
703
253
869
567
774
794
351
902
436
351
1068
257
500
989
343
1069
358
41
1001
388
773
756
207
654
500
594
118
1066
729
657
653
641
570
657
657
729
657
729
155
500
120
644
291
1070
515
155
1071
979
358
1072
945
567
282
683
413
499
356
627
627
1073
958
118
725
945
774
716
178
178
296
155
334
82
848
1074
729
735
155
1075
775
939
454
959
174
735
789
1018
567
945
120
693
383
601
461
195
958
1076
886
786
470
735
355
735
225
824
257
155
125
218
774
231
774
1077
461
725
540
1078
54
355
54
470
725
1079
195
293
1006
632
801
736
559
467
572
29
461
550
677
735
1080
945
808
878
878
1081
738
355
1082
729
257
355
355
360
945
735
1083
811
1083
1084
878
1085
962
1083
1084
350
283
1086
636
714
777
55
1027
1084
1087
878
1088
1089
144
1084
1015
357
958
657
1090
1091
1092
1093
1094
1095
1096
461
1097
1098
339
19
170
1099
228
355
225
355
357
898
355
357
357
357
736
355
357
357
355
357
357
355
357
357
942
357
357
357
357
357
1100
357
357
357
942
357
46
225
357
357
357
357
357
942
942
568
973
331
1101
357
357
357
357
357
357
741
1102
1038
1014
357
400
942
357
1014
1014
402
21
235
357
357
357
357
357
357
974
1103
1104
1103
509
1105
357
974
1106
562
212
1107
1108
331
1109
757
330
1110
1111
707
1112
186
1113
801
801
977
1114
549
1114
1115
1116
1117
852
483
858
1118
1119
1120
840
900
437
759
1045
170
897
1121
225
370
255
598
1047
1007
377
1122
847
567
625
1123
269
1124
1125
1121
305
645
567
196
761
989
900
443
218
467
1064
1126
839
979
1127
41
384
1128
118
539
363
849
46
1129
325
1130
347
120
1131
782
873
1068
699
1132
663
818
1133
1134
76
790
1012
985
955
807
1133
641
222
1135
567
269
120
934
639
257
1136
927
824
1137
785
358
1138
707
436
989
695
500
1139
653
500
1140
1063
997
843
989
253
948
860
689
860
684
1141
729
1059
170
467
766
629
707
262
273
1142
733
729
164
628
555
1143
454
415
1144
178
388
684
468
1145
729
735
220
1077
657
467
363
120
279
774
563
563
881
54
735
806
500
494
945
1146
175
1016
785
54
787
1147
1148
959
720
1142
1013
739
355
54
225
355
54
225
225
500
555
868
358
860
358
1149
118
489
467
1150
1078
461
461
210
653
284
231
118
118
1151
357
774
539
789
653
355
355
658
467
747
1152
379
1031
118
1153
736
1154
1126
736
204
470
257
355
363
231
360
1151
894
1084
878
797
1155
1140
738
20
1084
1027
962
1153
878
1156
1143
1085
1157
1153
118
739
1158
1031
601
967
500
1159
883
1072
1072
961
1160
54
1161
355
1162
1160
938
1163
573
1088
228
228
735
357
357
357
735
357
225
357
357
357
357
357
357
357
357
357
357
227
357
357
1164
735
735
228
357
357
357
355
357
357
357
357
225
357
357
355
357
357
1165
1108
1014
357
942
357
1166
1108
1167
331
21
1168
357
892
741
1169
906
357
892
1038
1014
357
357
357
357
357
357
357
357
331
1170
583
942
801
1101
1171
1171
998
1169
402
1172
331
112
1120
1109
1173
487
255
1174
261
269
1115
606
654
858
1060
758
493
576
649
384
1175
1176
801
607
1177
1178
523
1179
1105
998
858
384
730
996
744
1180
853
1181
1182
776
124
1176
696
1177
852
1183
928
490
621
1184
1185
251
1046
607
1186
1122
1187
707
414
435
989
459
515
515
1188
999
124
23
616
1177
790
725
1189
1115
955
1190
800
384
943
9
848
958
1124
57
1191
921
750
1016
1018
1192
1193
1136
782
896
437
1194
723
500
639
358
656
1195
922
1196
989
641
987
816
987
1193
1197
567
1198
46
1005
1199
503
1054
1193
707
1200
991
1007
1201
515
524
891
171
1063
1039
1133
695
1013
1202
289
642
1
1203
1204
1205
934
729
1075
1206
1144
1207
1070
606
729
777
1208
1037
215
262
1209
351
657
1138
1154
1210
934
1211
503
920
1010
238
811
945
1006
281
1212
735
555
358
1213
189
360
1193
1214
990
729
867
739
735
811
785
1132
804
607
1215
643
1209
735
225
729
620
331
358
1216
907
1217
964
1215
1215
379
1218
550
1219
225
355
1142
1216
688
729
1220
657
461
1221
938
739
355
811
171
1213
1222
572
572
572
572
1223
802
1224
884
739
785
118
1225
878
215
350
891
1084
1226
636
1084
878
1227
1228
878
1083
1085
1027
1085
1027
118
1022
739
1229
1230
498
1231
1232
1233
1234
1235
1236
1237
1238
1239
1240
636
54
739
500
573
1241
19
1242
1226
1148
1087
1243
1244
1245
1222
19
1246
573
1247
1248
1249
355
355
1148
1228
707
225
357
355
357
357
357
227
357
357
357
892
1108
357
225
357
227
357
357
355
469
228
228
904
900
357
357
1170
1250
1120
357
228
357
357
355
357
1251
1170
1252
813
794
1168
509
1168
357
970
1253
1170
1101
1254
1170
509
509
1201
357
1171
1101
1255
133
667
504
726
331
1256
1038
1257
182
1258
504
741
331
880
812
562
1259
1114
1260
1261
366
906
438
740
1109
1171
412
1262
1263
1264
726
482
1115
208
840
521
484
29
1
255
831
1265
831
998
1266
1267
1170
1268
761
719
541
765
377
1269
3
331
1270
1268
1122
1115
218
225
749
1271
906
1272
186
1273
1274
1275
1058
942
919
581
490
1276
565
647
607
607
566
906
1277
656
490
1268
744
442
1275
219
1278
219
387
269
1279
442
760
451
1280
1281
656
1282
1283
1284
411
208
218
516
1285
589
639
567
907
1112
1286
1287
692
695
1288
155
656
795
1059
589
649
1282
10
645
516
777
384
358
987
936
677
860
834
737
500
124
269
1064
906
1057
833
794
1139
729
860
987
383
1148
720
1289
677
1290
785
637
908
919
496
1291
1039
919
1292
1139
1192
925
925
1050
1293
1174
727
289
1152
1294
1295
1296
1297
555
597
467
624
1293
552
727
1297
657
1291
573
1298
1299
347
982
490
1194
848
729
124
1291
32
890
500
1300
938
1089
215
1301
1302
777
860
1303
886
54
355
925
1078
178
921
467
503
1251
1019
735
54
54
355
225
225
355
355
225
739
360
785
811
171
1072
1005
1298
735
225
228
228
170
494
1154
870
151
355
225
358
657
881
170
1041
1025
1221
1160
919
355
657
171
1304
862
1191
1184
1159
1305
1306
1307
1235
1308
1234
230
1309
238
657
573
386
1310
1311
883
1312
739
543
360
601
215
1152
252
601
170
355
228
1313
811
573
573
573
1314
716
567
1217
925
357
942
357
942
357
942
1194
357
357
357
357
357
736
942
942
357
974
568
357
357
355
1315
225
357
974
568
1108
977
357
357
900
727
357
357
357
357
228
357
357
1101
474
1168
1069
1105
1316
1171
1171
1120
5
1014
1317
15
584
123
65
1318
604
1319
1320
1321
998
188
41
1322
482
1014
801
761
1323
1025
1324
1325
1115
412
1326
1327
384
467
724
1187
1150
504
1252
1045
749
1181
255
1179
255
1105
1328
1115
749
1018
1105
872
987
1329
451
1330
503
1018
1174
358
1331
1332
1185
651
1333
746
931
384
1334
1193
707
1335
1336
626
1337
737
418
219
1278
1334
589
121
987
1276
1338
999
760
626
494
414
1178
1186
777
1132
1334
1016
1339
1340
1025
921
707
1279
1341
208
534
707
1138
1291
269
721
677
1115
891
1287
434
695
777
1122
925
1298
656
1342
567
936
998
1343
516
1197
1277
1344
1174
1338
537
988
1114
777
1345
437
777
238
500
1346
954
1347
796
1348
719
707
1349
1003
1350
1191
1332
1302
1005
269
567
989
540
1139
1351
716
1064
1352
1353
329
1354
1050
1355
516
355
238
269
1005
1344
170
1174
1194
555
879
1356
493
1334
925
1206
546
1225
1297
777
1216
1357
1066
238
1302
32
1358
500
978
498
300
1278
1359
436
608
729
707
1188
498
1148
848
1360
735
357
1025
54
1252
848
207
878
1016
739
610
717
1361
257
225
355
355
228
355
355
356
500
860
1362
1147
657
735
228
228
228
228
228
228
225
934
500
729
1087
170
1363
225
225
225
359
870
881
738
959
1004
735
355
355
238
729
649
1235
1364
1257
738
739
736
735
739
894
1365
1366
1367
1234
1159
1368
883
1369
1370
1232
1234
1236
1371
1372
1373
1374
1073
1142
736
881
729
1375
1376
1375
1227
1192
1377
1378
1379
1380
1314
118
1381
1207
1245
1082
925
1214
891
1382
567
1163
962
1383
227
227
228
942
357
357
227
228
357
227
355
357
357
355
357
357
942
739
1194
227
1194
357
357
357
227
942
739
228
225
357
228
1328
357
1108
357
227
331
341
1101
1384
357
942
1385
1170
1386
1387
1388
1389
228
355
942
270
509
1168
1390
482
1170
509
1391
1392
1393
35
331
918
1394
888
1395
1396
465
1397
1398
801
1399
745
951
331
1318
1170
1400
909
564
1401
658
483
482
1402
1035
509
639
1318
1403
844
654
255
670
298
1014
740
1268
504
753
753
724
998
1339
1178
1301
986
994
565
522
753
914
670
1334
998
900
1404
1335
986
1287
845
105
112
255
1366
615
956
1334
812
1195
170
1405
1406
1406
1275
208
982
1024
1277
1334
1334
1302
1382
1407
1057
1408
1409
1410
1273
760
1287
986
606
345
707
871
777
1411
1185
1302
1283
1412
595
1410
1252
498
1226
785
1411
1283
908
1413
1340
707
507
1113
760
909
1275
810
343
835
1414
598
1232
170
983
730
1348
541
604
196
866
269
1121
804
1415
1416
1077
1148
15
860
170
437
437
909
875
597
1230
445
1417
1418
1348
841
1415
1300
658
1419
455
1034
4
1420
1080
516
1421
824
1344
791
1422
1289
1122
1423
1357
1411
1063
552
1424
794
512
1425
848
824
881
1286
1426
1203
436
1427
1428
785
546
1429
348
496
1430
1431
697
289
1432
385
735
785
774
498
729
1297
881
500
967
215
1433
355
1303
1434
855
807
1148
807
1066
1066
777
1087
881
215
501
345
501
501
1278
1422
225
735
360
951
707
170
883
170
939
855
539
1435
225
228
777
466
170
934
555
604
1076
905
653
54
227
228
227
227
227
1436
1437
1236
1007
1022
738
735
1013
958
958
1235
540
735
739
735
657
801
1163
883
1438
1375
736
739
739
736
716
738
729
170
1246
739
1084
1309
1055
958
1153
1151
1258
1439
1158
1062
227
964
1440
1441
962
925
736
1153
962
357
942
942
357
228
228
228
357
225
225
227
357
225
355
227
357
357
1165
974
1442
331
1108
331
225
942
331
974
970
355
331
1443
1400
331
526
1444
504
170
1445
1446
1445
92
1447
1074
133
893
131
389
389
509
509
1448
331
752
326
357
970
1109
1449
1425
1450
1451
806
562
626
1452
1453
1267
801
1171
801
1176
404
707
664
1263
1454
9
1455
1456
1252
1457
1458
384
15
1100
1326
749
1179
255
1459
1460
1186
1181
1461
1353
598
816
269
377
1462
1230
1463
604
1464
1465
838
925
1466
1467
425
1405
1409
1408
1468
1469
442
230
1470
1471
1079
1031
1472
1275
1049
986
1473
1277
670
658
1185
1283
269
1191
487
583
772
1474
436
700
700
1188
917
1083
1185
269
269
1413
1413
1460
1475
1460
1141
1188
1476
121
1413
1413
1413
1343
839
246
1332
455
965
1477
796
1073
1460
606
1460
555
1298
269
603
890
1478
1479
677
1065
1408
1436
1480
777
1122
46
9
1447
1481
1106
677
1241
1297
1197
1482
710
1483
858
563
604
1297
238
1484
789
372
372
1485
1424
1252
777
289
785
907
498
498
1486
962
120
262
498
498
1487
807
498
1209
1488
729
964
1489
213
1490
1487
1487
684
539
729
1297
1350
1491
215
1215
864
501
715
1492
1209
355
118
555
882
1413
1022
1426
953
225
797
170
1224
739
792
1008
738
228
225
228
228
225
228
228
1493
1352
883
357
501
735
227
228
227
227
227
228
227
1494
797
735
555
355
355
777
729
1015
1413
54
735
54
881
601
958
1022
1325
735
736
729
357
1495
118
736
739
735
1382
1084
1148
1027
891
355
729
496
958
958
886
1313
238
571
739
355
1147
1496
1152
238
1134
1158
1222
942
228
942
357
227
357
227
355
357
228
225
228
355
227
227
227
228
227
357
357
736
974
974
974
735
883
739
735
1497
331
594
974
1477
974
355
355
892
1014
1498
1499
227
331
437
404
331
1101
1170
331
404
1109
502
1500
1400
1171
1287
916
133
1501
1105
1502
1120
1321
1456
1451
760
929
1503
1504
1268
1268
1183
1505
523
1304
1112
1409
910
1002
599
497
978
978
1269
1053
812
1506
281
281
408
304
1507
1508
245
1509
1510
1510
1305
1510
1511
1302
1337
1512
1128
1460
1403
727
1126
1513
262
1083
1514
1507
1515
1301
1516
1516
1277
639
1185
1517
1114
1518
1410
1519
884
1386
379
1520
257
1139
1521
723
1522
1523
1054
1483
1512
1460
1141
1524
1467
536
858
1283
573
1046
1525
1526
1527
598
704
645
1287
1528
377
941
1529
694
718
1133
437
238
704
699
657
1530
677
112
1190
1531
238
1073
962
1153
498
552
1297
1532
1533
1418
794
118
792
677
636
653
707
1080
552
915
1037
1037
1245
1534
1487
501
1063
855
1535
1536
881
1420
1037
501
855
1537
738
884
563
1224
1357
225
1157
1157
1538
734
480
563
563
539
228
225
54
357
777
870
735
1240
227
227
227
227
729
885
601
958
797
1297
958
736
739
885
1539
1540
736
890
1241
359
1541
801
555
601
1158
1542
714
735
227
942
228
228
228
355
355
225
225
228
331
228
227
225
227
225
355
357
225
357
1427
1171
227
1543
1165
974
974
225
227
227
228
355
974
474
228
228
355
357
1544
1170
1014
740
1545
1546
1547
1038
1254
1548
1549
355
355
562
1108
482
1373
1446
225
355
1224
892
740
1318
740
437
674
707
331
537
677
331
1358
1033
916
370
1550
1551
1170
955
1552
674
1552
1036
15
9
1553
1014
1176
1051
919
1285
812
1226
1533
1318
7
724
1125
416
1514
746
1554
1321
825
170
1555
1194
753
1457
1179
354
1556
759
1340
1116
1287
1556
255
1511
748
1557
1558
1559
1302
1461
783
857
615
766
377
262
255
1311
1560
1202
1561
1469
1562
1505
388
615
1563
1034
1520
986
1460
1342
1179
1564
1565
886
607
1316
1486
262
490
1566
1221
112
112
1229
383
493
1567
1525
1568
495
1083
281
498
1084
1240
92
455
1569
454
1525
1083
1238
1344
526
1556
1316
1194
1391
1270
964
1570
1226
654
588
1571
1521
1570
653
496
1148
1524
706
1330
10
1009
1572
1573
1521
1334
1574
1575
1297
1297
741
707
1083
1576
498
1575
884
1577
1578
951
951
1239
690
1240
498
501
717
924
388
1579
1066
501
220
238
947
170
558
1303
501
771
1580
175
951
1491
1272
1037
801
309
735
1581
225
601
801
355
228
228
228
225
228
225
228
228
228
438
1147
227
227
227
227
227
227
227
1582
1583
1584
1540
1079
1582
1585
1228
1176
228
735
1085
1027
1586
1583
1587
1588
1540
1582
1540
1583
1583
1584
1582
1582
1589
1540
1540
1582
1590
1591
1540
1540
573
1217
1163
1592
54
54
1583
1583
1582
1582
1593
1592
1540
1582
1594
1540
1582
500
1540
1589
1593
1593
1595
735
735
1078
811
1582
1540
1582
1589
1589
1540
1593
1540
1590
1217
1222
801
1582
1582
1438
1596
1540
1540
1540
1592
1540
1163
1592
1383
736
1597
1582
1598
1596
1228
1149
1059
238
357
1215
1084
1157
1599
1600
1025
1217
1249
1601
1602
801
1603
227
225
225
228
974
228
228
227
355
225
225
228
225
228
355
225
331
735
225
974
1604
228
1605
1171
1109
1606
892
438
971
892
1104
1607
1608
1609
1170
1608
355
740
438
1043
357
225
355
1170
1170
1607
1170
1038
740
1358
331
674
801
1610
1611
1358
1608
170
1171
1014
1176
1358
913
1612
955
1613
357
131
1614
1170
1358
170
1358
916
955
1615
969
1358
474
1616
331
1617
1617
1618
718
1444
726
1170
1428
1619
984
1514
1620
798
986
1338
801
1340
170
1173
674
1621
1622
838
1623
1288
767
1624
1343
1180
1202
1625
1176
1626
1556
1525
955
1514
1627
1152
1628
1317
1275
1486
929
1486
1629
112
1310
1492
1630
1625
836
978
1631
1632
1633
582
1471
1628
1221
1024
1634
1635
1214
255
255
1636
112
112
1637
980
1471
1638
1234
1639
383
1560
1331
806
1511
1413
982
1159
1640
9
1641
15
1477
289
1642
906
1486
498
1643
9
2
7
15
1644
15
15
1477
1644
9
537
9
728
1367
1645
383
1646
537
1290
9
7
9
1546
9
5
92
9
131
9
131
9
1460
1403
1297
1486
92
111
9
7
7
92
92
92
92
92
92
68
111
955
719
1303
1403
824
1048
7
111
92
111
92
111
15
92
68
7
111
111
111
92
92
92
598
748
111
111
92
111
92
475
1194
1647
111
1556
454
727
1648
785
338
1649
1383
567
785
555
508
1650
1570
1570
1570
1530
1651
68
1148
501
501
1652
1577
438
498
1653
1577
884
1654
1655
480
1066
552
1656
1148
1657
555
735
684
1658
501
684
1486
555
1481
1048
959
1059
1224
1659
1422
170
887
225
225
1660
1661
563
1583
1582
1540
1361
355
227
227
227
227
228
1651
797
1640
1588
1582
1589
1540
1662
1540
1540
1540
1540
1663
1593
1540
1540
1540
228
1583
1583
1588
1582
1149
1540
1540
1540
1540
1593
1540
1539
23
1540
1540
1228
1593
1438
1217
811
1087
601
1083
1540
1582
1582
1585
1540
1540
1540
1540
1540
1664
1539
1585
1593
1540
1665
1593
1540
1540
1438
1592
1540
1540
1592
1592
1593
1593
1666
1601
702
1540
1540
1540
1540
1296
716
739
1596
1540
1228
1540
1540
1228
736
1013
1086
801
269
1667
1078
801
1668
1083
1541
962
928
1669
1158
964
1155
228
355
225
225
225
228
225
225
225
968
355
228
707
225
225
225
1428
227
942
355
225
1320
707
1670
707
969
892
331
228
355
1428
438
1671
1672
227
225
355
1120
1400
707
1358
1358
1358
562
170
331
1040
1673
1358
974
1358
1358
1104
968
1358
1358
1170
200
225
1358
1358
1358
170
1358
1358
1170
1674
1038
9
1675
1676
1674
1318
68
1677
438
1358
821
1549
228
1358
1678
974
331
568
331
767
1679
1358
1176
1358
1358
584
767
1358
1358
357
357
801
1610
974
1614
742
742
1358
1358
1358
1358
1358
1500
1358
1680
1358
1681
826
1326
1615
674
1473
1110
584
1120
1294
474
1682
860
537
1170
1358
738
674
1683
170
1266
1684
1685
1171
1686
562
897
1687
1396
707
1170
742
1553
1617
1176
1155
1115
1170
1338
1409
1525
673
1623
1471
1688
1457
1689
1331
1690
1186
1066
1556
579
372
1691
1226
1418
1214
486
255
255
255
814
1567
255
883
1689
1692
1247
486
776
523
523
1305
1693
1367
1694
15
1685
1694
1403
599
1485
1695
255
1332
262
1159
1298
15
1696
289
438
537
15
1697
15
4
1697
15
6
9
1697
9
537
15
806
438
9
289
1477
438
1550
1698
262
255
255
1693
490
806
1572
289
289
1106
15
806
15
15
1106
1699
1566
995
170
806
9
9
131
1428
9
9
1165
1106
1644
537
806
15
15
5
1700
4
1701
1702
1414
9
9
131
131
438
9
131
289
9
1703
1704
289
9
9
906
419
1562
1316
1705
131
92
6
851
740
5
1706
537
1526
866
68
92
92
68
111
1703
92
123
123
92
1136
1409
1707
1123
1517
1708
1709
1710
258
92
123
7
1557
1240
1315
404
871
1194
1710
437
1540
1711
748
1712
1148
1687
1713
1714
1715
1716
1717
561
1718
1280
1657
1364
805
584
1719
306
1658
475
1159
1368
1720
1721
1009
1722
498
498
1723
1708
360
1651
185
455
552
1063
480
1724
1148
1297
1657
869
544
480
480
1725
848
170
801
1708
641
1233
496
1383
1313
228
227
1157
1726
1229
118
228
227
228
735
1593
1593
355
736
293
1593
1540
1593
1540
1540
1592
1593
1593
735
228
601
801
801
735
1540
1727
1592
1592
1592
1593
1593
879
1228
1540
1728
1593
1593
1729
357
1593
1593
736
238
1730
1731
1598
1228
1228
1228
1228
1539
1732
1228
1087
801
357
958
1733
1734
801
601
225
355
228
355
735
355
355
225
355
225
228
228
228
228
228
225
54
225
355
225
355
225
225
225
228
225
228
228
227
228
735
225
355
225
225
225
228
974
707
1735
1736
1165
1165
1736
2
5
331
1737
377
974
225
225
1171
707
170
892
170
1120
1449
1443
438
1695
740
1358
1443
1738
1358
1358
974
1358
974
331
1739
1176
1103
170
562
1170
740
1549
1120
801
1358
975
1740
1120
1405
674
1741
801
1170
1409
726
942
975
1318
1742
1316
1743
389
1683
1570
1744
1101
1745
1746
1747
1748
1749
874
1750
1172
1616
740
438
1751
1428
1417
910
1752
920
1338
1753
170
1348
1409
916
1045
1754
1287
699
1408
1486
753
1755
1756
1465
1367
384
1511
1418
498
749
1054
1152
1757
1758
1759
582
1471
255
1760
255
1372
1761
1372
1646
933
255
1372
1367
849
1040
1270
1456
1562
1359
889
1633
1564
255
1372
1641
170
15
438
438
584
1477
1762
1080
112
1763
889
255
883
1091
438
584
438
289
15
15
806
906
1268
904
1483
1560
15
537
15
289
9
992
1647
1418
1203
486
1645
1764
1765
537
1706
1562
1512
1464
1766
388
1209
1118
1119
1119
813
537
9
289
289
1644
806
1644
285
422
344
1767
1702
1499
1499
925
1747
801
9
9
1704
537
806
550
1084
9
170
68
7
9
7
1768
7
15
1703
801
806
5
6
1427
258
131
1710
57
1287
1148
501
15
5
7
15
701
1148
1710
1422
1769
1577
1332
615
860
1188
399
1770
1771
1737
1198
1227
1209
1770
1770
1772
1008
692
1289
1773
1209
1774
1775
539
959
886
1776
858
1106
1777
539
1778
963
388
1147
474
498
563
1779
554
1780
699
1781
871
871
1782
846
1781
1783
1422
848
1708
355
502
496
792
1632
1289
1038
1784
1785
1786
228
1146
1603
1787
1217
1788
228
228
228
1022
1593
357
1593
1440
1539
1162
355
1592
1593
1590
1592
1592
1539
1539
1593
1539
1217
1228
1789
1601
1022
1540
1228
1539
1669
1228
1228
1228
1790
1597
726
357
801
1598
1789
1185
1034
359
1791
170
1792
228
227
227
228
228
228
228
225
892
974
568
1735
1793
1794
1795
377
602
228
357
1796
1797
1544
1798
1014
1009
1400
892
977
1532
1446
820
357
357
1105
1782
1549
1459
726
357
741
1403
942
1799
801
1358
1267
884
1518
1358
1619
1800
1334
674
1801
1802
1744
1780
1803
331
801
375
1804
1692
1401
389
1805
1806
1807
1807
1749
1808
942
1809
1325
1014
812
897
879
1753
1173
543
942
1470
1759
786
498
1414
112
1181
615
1810
1627
383
814
579
1632
1564
1811
255
543
1618
1367
262
1763
262
252
1102
1400
1477
1400
1400
2
438
15
1400
806
1112
1219
1812
1660
1252
112
1181
1813
262
1814
1367
806
1200
170
438
438
170
806
1224
438
1644
1646
1479
1185
1646
801
584
584
15
1644
1815
1816
1409
486
1817
9
1224
1009
801
1704
1818
1819
1770
793
580
1224
822
2
15
1224
537
1704
1449
1522
495
1820
561
1572
537
289
9
15
537
438
1419
893
1821
1225
1708
9
289
131
9
9
15
289
1427
537
384
1822
388
289
131
1194
1823
1824
1825
131
170
1295
289
1194
1826
1827
3
123
429
1570
806
1084
1084
723
1581
51
1632
1632
539
1313
170
306
1203
1774
1828
539
1647
388
1708
1708
1644
1829
1779
785
555
498
1434
959
959
1779
1708
1162
1209
1830
1632
966
1708
1226
677
1831
1832
1779
1289
1644
1572
1000
1786
1601
1651
677
555
1815
1833
1834
355
777
729
1835
601
228
601
871
1491
1836
1217
729
1583
1583
1217
1217
1217
228
729
1837
1539
1539
1217
1539
1086
643
743
601
1217
1217
1217
1217
1163
1539
1838
1539
1729
1217
1539
1217
1217
1217
739
736
1578
1228
1217
1597
1176
1059
1731
1838
1731
1837
1228
1439
801
736
801
801
1839
357
801
801
736
1813
1120
482
1840
360
331
1544
482
1606
1500
1291
1841
377
1453
331
736
357
357
971
1842
1843
1101
767
1101
942
1619
741
1679
1801
1549
1819
838
942
942
357
357
357
1176
23
1289
1844
1549
829
918
509
1292
1801
389
1744
357
942
1845
1846
15
801
977
1316
1742
1801
812
1269
1753
1847
1686
1848
1807
1376
1849
1152
1850
1559
1418
749
1760
1636
357
1034
1045
1045
112
1096
812
1403
487
1486
1181
1367
1152
1851
1372
449
615
1367
1447
1852
883
1221
112
1225
1853
1308
262
1367
1515
1486
1854
1855
1225
1532
1856
170
170
1224
474
951
1400
1857
112
1699
677
951
806
801
438
170
1704
1858
582
1859
933
1860
1646
1163
1298
2
1644
1400
1400
1500
1238
1861
1327
1181
1862
1852
1163
438
438
1428
1428
584
438
199
1705
563
1627
438
15
438
9
2
1428
438
1243
137
1827
498
580
537
806
15
26
15
1500
151
1563
807
1863
748
289
1701
1486
1310
1240
1644
498
1488
1496
1264
1841
3
35
1864
15
1865
1570
1063
684
1866
717
806
6
1088
1867
1472
1063
68
1868
1835
1397
1869
1492
1770
1870
1871
792
1872
15
1224
1224
1770
1873
1661
1874
1632
806
806
806
1224
801
1875
1876
1877
480
1878
1708
1708
1879
1880
1403
684
1881
118
969
1167
707
1882
1492
1784
1422
677
1481
1883
715
1884
1687
1398
1572
1572
1398
677
1481
1650
1073
1815
1885
636
1833
1297
777
601
951
1663
355
355
228
227
227
871
801
1496
1837
1217
1886
1887
225
1155
1888
1217
1217
1539
1217
54
643
735
1539
1539
1539
1086
1217
1228
1217
1217
1217
1597
1217
739
735
736
1153
1889
1228
1228
1217
1887
736
1228
1890
1890
1028
1027
801
801
879
887
740
170
170
1428
584
54
482
482
1547
377
1891
1892
1893
1894
1221
1101
1170
741
498
1644
1895
357
357
1896
975
1897
1742
806
1799
888
1898
801
801
1401
1360
1802
1899
357
357
736
584
1269
1269
562
1896
812
498
1817
486
1900
1901
1902
1269
1511
1606
1556
1287
1903
1486
1898
1813
1852
1757
1034
1035
1904
1584
1508
1137
1813
1230
1094
1699
1486
1862
1225
1370
1566
112
1905
1618
813
1400
1477
806
1670
474
1704
1224
1224
1224
677
1906
1569
1725
1859
1907
1240
68
170
1400
806
1224
1224
1400
951
1500
1294
1477
1500
580
1240
1547
474
677
170
806
474
170
1121
1692
1647
1225
1643
1908
1441
289
584
584
438
951
502
584
438
438
1103
1235
1297
1652
806
1209
1148
1252
438
289
1644
1525
1909
1907
1730
1540
9
9
537
5
537
1779
1910
388
1252
851
537
1869
1911
131
289
9
1434
1764
1703
258
437
773
684
1881
1883
1270
1209
1823
1912
1522
1913
1914
1882
1915
1859
801
801
1313
1579
1916
1907
1859
1063
1913
1913
1917
707
806
1769
552
1361
959
1708
1019
1779
1918
1919
1148
1920
1921
1708
1492
1466
677
289
1644
707
1831
677
1922
1073
1923
1924
1925
1925
1926
1297
1927
1928
1787
1929
871
1930
1927
1787
1924
1931
1663
1663
1932
1539
1932
225
227
1933
1934
1663
1932
1729
1935
1887
1887
227
225
227
355
1787
1936
1934
1439
355
357
1124
1837
1837
1217
1729
1217
1887
735
601
54
1887
1887
1217
1078
54
643
1732
1733
1217
1228
1217
1217
735
1597
1228
1937
739
801
1217
1597
601
601
1938
1228
1597
1597
1597
1597
736
736
801
1939
1940
1087
801
1941
357
1938
1084
702
812
118
801
801
1088
357
1942
801
482
970
1943
1428
54
1796
1944
1945
1606
1102
1619
741
1276
1699
1500
707
1415
1946
741
801
1815
821
969
1947
1948
1897
1500
1407
1767
1949
1919
331
1428
519
1752
357
1634
1759
1950
1615
1478
397
1951
1902
1952
357
357
1699
1034
1953
1954
1525
1396
357
357
357
357
1757
1480
1955
1956
1957
357
357
357
357
1862
1176
1900
1367
1958
1959
1952
1960
599
357
357
1863
1119
1221
1252
1766
112
923
1811
1040
1101
474
969
474
1512
1570
1327
1961
474
1387
170
170
124
1224
124
170
1038
474
1704
1224
170
474
1250
801
1511
1720
813
1766
1243
1306
170
801
951
801
1428
1250
1962
1464
1570
706
1963
601
1964
170
801
438
474
806
1788
1965
806
1500
1861
1704
1644
1500
1468
15
170
537
2
1475
1255
537
537
707
883
9
9
1572
6
707
707
707
801
170
1131
289
1966
1481
289
35
170
707
1500
1644
1009
289
1967
1492
68
68
68
9
537
1701
1577
1577
563
6
1911
1703
1428
884
1577
1770
792
1968
5
1969
501
1970
1971
563
1972
1859
1574
1973
1871
855
1571
1658
1974
1975
1313
1915
1008
717
1777
684
1646
1224
801
801
801
1770
1008
1919
1129
1648
1428
677
677
1129
707
1276
1976
118
1398
1167
1572
951
1583
1934
1927
1927
1936
1924
1924
1440
1932
498
1927
1927
1977
1978
1978
1979
1980
1980
1815
1927
1787
1934
1931
1934
1439
1439
1981
1982
1818
1983
1983
1929
1984
1439
1985
1927
1927
1925
1924
1439
1934
1924
1936
1932
1986
1983
1983
1458
1987
1983
1988
1593
1989
355
228
228
355
1936
1924
1924
1439
1924
1924
1439
1924
1930
1731
1925
1925
1787
1934
1495
225
355
355
702
357
1934
54
355
745
735
1990
1217
1729
1269
702
1889
1217
1597
1597
1664
1217
1597
1217
1940
1597
1991
1228
1889
1228
1940
1940
1940
1940
1940
1597
739
736
736
357
1940
1992
1601
1890
801
736
1176
970
170
1170
331
1993
1358
974
753
1943
1102
1944
1749
1994
357
397
1471
357
1635
1553
1957
1637
1995
1996
170
707
763
1334
1997
1105
1683
707
707
1998
1999
2000
1741
1759
1176
1040
1753
2001
1442
1509
978
1372
1095
1852
765
1599
1902
1309
2002
1401
1320
498
1181
748
1646
1236
1306
2003
598
1243
2004
884
357
357
2005
331
801
801
331
331
331
951
1163
2006
357
723
2007
951
331
969
801
707
357
2008
2009
951
1224
1038
801
170
1250
474
170
1250
1428
951
170
1038
170
1294
1647
2009
1500
1500
1224
1360
884
1252
2010
1428
438
438
563
289
1572
2011
1640
1475
1294
1725
9
1500
6
1131
883
2012
584
1428
2013
684
2014
1824
68
35
1481
9
2015
1777
2016
289
1373
2017
2018
335
1975
68
6
7
15
315
2015
2019
1910
1883
1361
1770
2020
9
1872
2021
1975
1224
2022
1730
2023
2024
2025
1847
801
584
1162
2026
1579
2023
498
2027
1441
331
309
1644
1270
362
1934
1977
1770
2028
707
707
1167
707
1927
1931
1931
1927
2029
1922
1016
1167
707
1167
1977
1977
1931
1539
1440
1818
1982
1927
1977
1977
1818
1931
2030
1927
1925
1440
1982
1332
1815
1930
1936
1977
1977
2031
1932
2032
1977
2032
1930
1983
2033
2034
1983
2035
2032
225
54
355
1297
1977
1977
1439
2036
2037
1983
2032
1983
2035
1931
1931
2038
2030
2030
2032
1815
1983
1439
1887
1597
228
1931
1931
1932
1983
1983
355
355
801
1931
1934
1932
2039
357
2030
1440
2040
1440
1440
1597
1597
735
357
1664
1939
1217
2041
1664
1940
1940
636
1440
1228
1597
1940
1940
1664
1664
357
204
357
357
1228
2042
1991
1991
1940
1991
357
1991
1597
1940
1597
739
1938
1249
1597
736
801
962
1890
1153
879
801
801
2043
1014
482
568
1266
1993
2044
1797
1993
892
974
974
331
974
892
974
1993
892
1266
1671
2045
504
2046
331
741
741
942
397
1600
1103
1741
1619
1167
1738
2047
2048
821
1632
801
331
745
1353
1353
1183
1353
1686
1399
1995
801
1593
1994
357
1437
331
801
1170
1045
1852
1471
1079
707
951
1289
1372
1565
1377
1946
1660
1191
1753
1429
1244
1417
355
978
255
1372
1511
783
1960
1316
487
2049
1717
2050
753
1148
2051
2017
801
801
1038
801
331
951
801
331
801
331
331
2052
2052
1725
2053
1227
2027
331
969
1428
170
951
170
951
969
1250
707
1250
1560
1234
1570
1891
883
1224
1038
801
801
170
1250
801
1828
1428
474
1428
170
1224
1532
684
951
474
1498
2054
1908
2055
1428
584
1644
1500
474
1721
438
289
1694
971
951
1624
1875
387
1908
289
584
801
584
707
170
2056
1517
537
438
1725
2057
539
1871
26
1481
438
2058
1579
2059
1920
2060
1892
1351
1398
1386
2061
1209
552
2062
2063
552
1970
1996
1864
131
1354
1572
707
707
707
707
1428
707
170
289
131
1172
9
707
707
677
971
1593
1228
2064
1777
1828
1148
2065
8
1228
2066
2067
1729
1228
1540
1217
1593
2068
1008
886
1162
2023
893
1940
2069
1597
1440
1440
2023
2023
1109
741
999
1927
1927
2070
1815
2070
1984
1148
1361
1869
1779
583
1176
1540
1787
1934
2071
2072
2073
2070
2070
1440
2074
1339
1831
1934
1982
1818
1988
2042
1534
716
707
1270
707
1977
1977
1440
1440
2075
1818
2076
2077
2077
2078
1440
2038
1361
501
1176
1176
707
360
1977
1977
1818
1977
2030
2037
1818
2079
2080
1440
2079
2081
1664
2076
2081
2070
1593
1853
1334
2071
2082
1984
2083
1597
1664
2084
2085
2080
1440
1297
1073
2086
1439
1982
1982
1440
1983
1815
1987
1990
1815
1248
2087
1815
2088
735
1818
1439
1439
1439
2089
2038
1932
2075
1593
2040
1932
2090
1815
1983
1815
1490
225
225
2038
1439
2040
1440
1440
1982
2038
2080
1815
2091
1987
1815
1490
1490
1150
1931
2080
1439
2038
1815
2092
355
736
357
1888
357
228
1890
1440
1440
2036
2086
2093
357
355
357
357
357
357
357
614
2075
1440
1440
1597
1940
942
357
357
942
355
228
739
357
736
357
357
357
357
357
357
357
357
357
357
357
357
1991
357
357
357
357
357
357
357
357
357
357
357
357
357
357
357
1991
357
357
357
357
357
357
357
357
246
357
357
1228
1991
357
357
357
357
1597
357
357
357
801
357
357
357
357
879
1943
1108
892
1108
974
974
2094
2095
2096
2097
2047
1747
2098
1471
1606
1796
1820
1170
1103
2099
2100
1747
2101
1749
1392
1749
956
1893
1358
2097
1955
1955
2047
1749
1803
1749
1388
491
331
1170
1884
2102
1353
1353
1353
1353
1353
1353
1353
1625
1564
1983
1353
1353
1353
1566
879
1897
1180
1034
1839
359
1101
1998
2103
1095
925
1310
1102
1754
1960
357
225
2104
699
1744
1826
331
1492
1725
1701
1148
1428
801
331
951
1250
2105
1038
1038
1038
1038
1038
801
801
801
1498
801
1428
801
2106
783
1701
170
801
969
801
1038
1739
2106
2107
474
1038
707
801
801
357
2108
1572
1572
474
951
969
969
707
707
1103
1500
783
1943
170
1103
801
1008
170
969
1823
584
707
1294
1131
438
357
438
951
1690
1690
1500
2109
2097
289
2110
2110
1913
1779
1147
537
1572
5
1398
1540
2111
1148
1711
15
1481
2086
1228
2069
884
2090
1148
1975
1088
289
5
289
170
2112
2112
2112
2112
2112
2112
2112
2112
2113
1982
1539
2114
2070
2070
1887
2115
2042
2116
884
884
884
2047
2117
2023
2080
2118
1428
2112
2119
2119
2112
2023
2069
2067
884
1916
1970
2060
2112
2023
2023
2023
801
1266
707
1428
2119
2112
741
2120
2023
2023
2076
2121
2070
1815
884
1148
2023
2118
544
1200
801
360
741
1014
2120
2120
1977
2072
1815
1574
1777
2122
170
999
1797
1679
1109
970
1679
741
1167
707
2030
2113
884
2123
1658
2124
2118
1840
1977
2125
2076
1982
1655
2126
1873
1723
2127
1561
707
1818
1982
1597
2128
1930
767
736
739
544
1982
1982
2078
1815
2084
1815
884
2129
1669
736
736
736
736
1982
2130
2086
1439
2073
2034
1815
1297
735
736
736
736
736
739
1792
736
735
1982
355
1665
736
1022
1982
1439
1982
1439
1982
2086
2038
1982
2073
1332
2131
1669
1594
2132
1440
1982
1439
1440
942
1890
1246
736
2073
2073
1439
2133
2073
942
942
942
736
736
357
1667
1890
736
2081
2073
1815
1815
1815
2085
357
357
357
1440
357
357
357
736
357
1667
1890
1890
1890
1597
1597
357
357
357
357
357
357
1494
1890
735
736
357
120
942
357
357
357
357
942
942
739
357
357
942
1494
357
357
357
357
942
878
357
357
357
942
357
942
964
2134
2135
1165
740
331
2136
1256
1014
331
1993
2137
1682
1617
2138
2138
1517
1993
2047
2139
2140
2141
1392
2047
1761
648
2142
1606
1014
2097
2143
2141
1955
2142
1024
1884
1884
1671
1805
1243
1240
1103
1103
971
2047
2144
2095
2145
2146
747
2147
1266
1955
2148
497
1749
2149
2150
2151
1152
1817
1538
1353
1353
481
1759
2152
1331
2153
1353
1353
2154
2144
1412
1011
942
1863
883
1591
2155
1564
1599
2156
1289
2157
1896
883
562
1462
1997
1531
1699
2158
1094
331
888
2136
1960
2159
1960
1024
1372
1693
2160
1353
1870
1579
1647
1297
1507
699
331
1428
1865
1513
1943
1038
1038
1038
2161
1531
1038
801
707
1850
580
801
801
2162
1498
1254
1254
1498
707
707
1250
474
474
1498
707
438
1109
801
474
6
1492
2163
1481
1428
707
1498
1294
170
2164
951
2165
1819
2058
170
860
951
1147
2142
560
2133
2166
2069
2167
1428
68
1481
1428
537
2113
1779
2168
1913
2168
1661
2014
2167
1815
1582
2014
801
801
1171
2112
971
1398
1597
2169
1593
884
1248
2023
2119
893
1847
2023
1009
2023
1815
1838
2133
2087
884
884
1915
1066
1892
707
15
2023
2119
2023
2023
2023
2023
2118
2118
2023
2112
1453
2078
2170
2129
1440
2171
2113
2172
884
1577
1361
1506
684
684
1972
1917
2112
2118
2118
1009
35
2173
2171
2069
2170
2069
2171
2076
884
884
1219
1342
1148
2120
170
1029
1803
1009
2120
2120
2120
2038
2080
1577
2076
2113
1664
2113
2113
2090
884
2133
501
2056
1148
2094
2174
1910
2120
1619
2023
1167
2023
2023
2113
1440
2038
2070
2070
2084
884
884
1869
2175
2176
1176
1453
170
1710
170
1710
170
2043
1818
1818
2177
2070
2070
1597
1597
2076
884
1577
2178
563
2086
1944
2079
739
735
1982
2179
2042
2180
2076
2087
1577
884
1577
884
1313
2181
2086
1815
1447
736
735
739
739
1022
2182
735
1982
2076
1985
884
2087
1783
767
1226
736
736
2183
1982
2091
1577
2169
2109
1577
1577
1440
2184
1577
2116
928
1226
2185
1982
1815
884
1815
884
2129
2086
2169
2113
2186
2183
1815
2084
736
1081
2070
2129
2169
2087
942
357
735
1890
739
1084
357
735
355
228
357
2073
357
357
942
1890
735
942
942
942
942
942
942
942
1701
357
357
942
357
736
357
357
1601
357
357
1601
1601
387
1601
1601
2137
892
1617
1682
1108
1682
2137
892
2137
1266
974
1166
331
331
974
2097
2187
1797
974
2100
974
2188
474
1955
1699
2189
974
2190
1170
1392
1504
1761
2095
2095
2140
1538
397
2152
2191
245
741
1170
2192
1747
584
2193
1221
1532
1943
1955
2194
1955
1577
1995
1943
2152
2195
2136
1320
2055
1788
1718
1353
1957
2196
2197
2149
1813
1591
2198
1034
1817
1761
2199
2093
2198
2200
1563
1563
1457
1011
1905
1367
2201
1431
2202
1152
2203
2157
2204
1478
1176
2205
1289
2206
742
2207
372
1093
2208
707
2157
1683
1688
2157
357
942
2164
892
537
892
860
707
1289
2172
1428
707
1428
544
707
707
707
999
707
1715
2209
740
707
707
707
1316
1850
1874
801
1428
951
331
1823
906
883
2107
539
801
801
4
331
1850
1823
969
969
1453
1254
1250
1677
2210
2211
1532
707
707
801
1103
1373
1498
1571
1148
783
1947
1414
1038
1498
2047
584
2212
438
951
9
5
2113
1414
1788
1313
2069
2113
2113
1829
2013
2213
2214
539
1544
741
2076
2079
1228
2076
2113
2113
1148
2215
438
438
2060
2076
1577
2076
2076
1577
1577
2113
1361
1148
2173
1616
2120
2069
2133
884
1577
2216
2022
1915
2217
289
2118
2070
1815
2217
884
2217
2069
1770
1779
2112
124
438
1840
2112
2112
1398
2120
2120
2166
1577
884
501
1148
1708
2120
2120
6
2023
2025
2076
1597
2217
2121
2098
2218
884
1577
2219
1428
1710
1710
1710
2127
1710
1710
1710
1710
1710
1815
1982
1063
2220
1975
1150
2221
1710
1710
1710
1710
1710
1710
2089
1577
1063
1974
355
1965
1982
2222
884
884
2127
739
739
2223
2086
1982
2224
884
884
1381
884
884
884
1577
884
1577
1577
2116
2116
1577
1577
359
884
1577
1577
1577
1577
2116
2172
1577
2225
2129
2069
2084
2113
2113
2133
2113
2076
2076
357
735
702
357
1081
739
736
355
357
1815
355
942
357
735
357
942
357
942
357
2226
357
942
1682
2137
438
1684
1108
974
1038
1038
2227
1617
2228
974
1751
973
2097
1747
2139
2229
2229
2044
974
1746
1955
2154
1628
2229
2230
123
123
2153
2141
2231
2232
2190
2190
1170
740
2097
1646
2233
2231
2142
2234
1795
2152
1796
2235
2236
2237
1170
2047
2238
2239
2240
497
397
2231
2241
822
2242
1234
1813
1817
1749
1628
2243
2244
2196
2245
906
2246
2247
1353
2248
1814
1180
1353
2200
1964
1891
2249
1935
2204
1432
738
1468
2250
2251
2252
1432
1394
1960
1485
1943
1320
1352
2253
1960
2209
1478
2254
537
2250
2066
1640
999
999
707
892
707
1235
1159
2172
170
170
170
740
2255
1822
707
1823
883
2163
1170
1823
1823
1823
1823
1823
1823
2256
1038
2257
1823
1823
1823
1823
1817
2258
1038
973
1823
1823
1823
2259
2067
331
1224
971
1038
1038
1250
1823
1823
2055
170
170
1672
973
2260
474
1498
973
170
1250
2212
1492
1038
1176
1103
1294
2261
1745
9
68
973
801
1770
2262
1531
1063
1313
1172
1544
1544
1847
1021
951
1815
2133
791
508
1967
2263
884
884
2113
1495
1430
1148
1708
170
2264
1176
2265
1148
1148
2266
2120
2120
2002
2002
2056
1409
2060
2190
2120
2173
1832
2267
2267
1577
2132
884
2002
1480
2268
2028
2269
1148
1361
2112
1616
2112
2270
2270
2270
2270
2270
2270
2270
2270
2270
289
35
1167
707
1009
707
1803
2173
884
1716
884
1716
2271
1742
2272
1535
2273
2270
2270
2270
2270
2270
2270
2274
2270
2270
2274
2274
2274
2274
2274
2274
2274
2274
2270
2270
884
884
1595
1950
1535
1710
2270
2270
2275
2127
2275
2275
2275
2275
2275
2275
2275
2127
2127
2274
2274
2275
2127
2127
2127
2275
2274
2275
2274
707
1887
1806
2276
884
2157
355
1944
1753
2277
2275
2275
2275
2275
2275
2275
2275
2275
2275
1895
262
2278
2279
1228
1775
1577
1577
735
1577
1577
2280
1577
2172
2172
1577
1577
785
1577
1577
2002
1577
1577
1577
1577
702
1577
1081
1332
357
357
1601
357
357
942
601
974
942
5
5
707
707
1884
2047
2141
1599
2281
2097
2142
2097
707
1703
2142
1441
2282
2209
1167
2142
2273
1788
1170
2190
2272
2283
2284
2285
2190
2175
2092
2286
1909
1749
1813
2287
2288
2283
1532
883
2289
1170
1788
2290
2291
2292
2240
2293
2294
2295
2296
2095
2244
2297
2298
2299
1367
2100
2300
2196
1855
1855
2301
1332
2144
2244
2196
1183
1105
776
1640
2302
1192
1480
1945
1951
1951
563
1593
2303
1234
1699
2304
2244
2305
1964
1813
1011
1024
1964
1486
1234
1759
1856
1289
2306
1346
1292
1227
2307
498
1378
1368
707
892
999
1374
1227
1227
1375
883
883
1236
1374
2308
544
2309
2049
751
2308
1823
2258
801
498
1573
2109
2162
1148
1817
801
951
2310
2215
2215
738
738
738
738
738
738
738
1000
1616
707
707
1038
1672
1626
1571
738
738
738
738
738
1947
738
738
738
738
738
738
738
738
1430
738
738
738
738
1430
1517
951
1428
331
707
1038
973
2131
738
738
738
1038
1604
1672
707
1294
2311
1850
884
1616
2175
2142
1773
2257
884
951
1544
1515
2062
1573
2168
1361
2215
2068
1517
1579
1313
2312
2312
2312
2312
1831
2313
2174
539
1917
2266
5
1481
2312
2312
2173
2312
1495
1228
2215
1148
1934
2273
2275
2275
2275
951
1708
1147
1172
707
707
2270
2274
1487
1648
2314
2315
1361
879
767
2274
2274
2274
2274
707
1747
884
1324
1490
2275
2275
2275
2275
2275
2275
2112
2119
977
1869
1577
884
2275
2275
501
537
2021
1577
801
2172
1218
2312
2172
2172
1577
2172
1577
2312
739
2002
960
2271
735
739
357
357
357
204
767
1663
1602
2206
1299
537
1108
537
68
1038
438
1038
1038
1038
131
3
2316
474
1840
2317
2318
2273
1682
2319
2095
1000
1840
2096
2320
2321
2239
2322
2323
1718
1801
1894
1237
2324
1749
1538
1235
1992
883
2202
707
1371
2325
2289
2096
2326
739
2283
1810
2191
2295
2327
893
1955
2083
1237
1813
2295
2150
2096
2095
2328
1749
1320
812
1102
2329
1909
1909
1909
1909
1909
1234
2307
1943
2330
2331
1909
1909
602
906
2332
2333
906
1367
2234
1509
2332
1858
2334
1813
2335
829
1622
1024
1041
2251
2336
1024
1024
1024
2337
2338
1024
1646
1227
2265
2339
1960
707
2340
2341
2340
738
707
1428
544
562
1903
2216
1428
1264
1379
1903
2067
2342
836
1767
738
738
1607
1577
2343
738
738
738
738
738
738
884
738
738
738
738
738
738
738
738
738
738
738
2344
1536
1038
1672
738
738
738
738
738
738
738
738
738
738
738
1947
738
738
738
2345
2242
388
1038
1802
738
738
1579
502
474
170
707
474
2346
1947
951
1170
973
973
707
2215
2296
2027
1676
741
474
1582
2347
1955
1517
1517
1209
801
131
1209
2215
1579
2054
438
2190
1303
1401
1517
1871
1313
438
2312
2312
2312
2312
2312
2312
2312
2312
2312
2312
2312
2312
2312
2348
1167
707
951
2138
1430
727
1562
955
2312
2312
2312
2173
2173
2173
801
1294
2349
1727
1616
2266
2266
2266
2173
2028
2350
2266
1427
1708
1176
1490
677
1581
1581
2112
1428
2122
2142
2351
1619
684
1539
2176
1176
1226
1176
2352
1651
2353
767
767
1783
2354
568
357
355
735
355
54
204
54
879
2355
1747
2356
5
2357
2138
1678
2047
2139
1752
2340
1761
1517
1884
2231
2358
2240
5
1817
2095
2328
1788
2323
2359
2058
2360
2295
2295
1937
1520
2361
1152
2047
2095
2101
2362
1716
2229
1448
2363
1951
1761
2142
2142
1884
2142
2047
2364
2365
822
1707
1599
2237
1385
1547
1152
2366
2321
1775
2142
2047
1538
1538
2367
2327
2295
2107
2368
822
1677
1746
1831
1955
1943
2107
2369
1540
1677
2370
1682
92
2328
2286
2250
1909
1909
2257
1909
1625
1621
1747
1331
1909
1893
2245
906
1307
1817
2371
2372
2300
2373
2245
1756
2374
1823
1909
2375
2047
2373
1265
2276
1955
1622
1221
906
2276
1943
1243
1955
1444
1024
1024
1024
1024
1024
1024
1423
1845
1372
1717
1014
1631
2376
1955
1024
1024
1024
1024
1699
95
1024
1024
1101
68
3
2377
1024
1024
1024
255
1428
1170
1101
1014
2216
1024
1264
1960
2378
1428
1874
2198
2379
738
1024
1024
2345
1517
2380
1038
2342
1947
738
738
2380
974
801
1150
2381
2094
738
738
1690
170
738
2382
884
2263
707
707
2383
1828
884
2060
1648
170
1609
973
973
170
170
1626
2224
1596
281
1148
2373
1209
1817
1540
2384
973
1588
1540
1912
1361
2194
2385
2273
778
2312
951
2386
2387
539
1727
1577
1577
1381
951
707
2312
1209
1947
2388
1691
741
474
2128
773
2065
2051
2382
2064
1019
2269
2273
951
1361
1708
1361
1955
942
1361
1577
2389
1252
1832
1967
2390
2181
1975
2262
1620
1747
1975
2391
2312
2275
1747
1722
1817
1945
2242
1937
2213
1361
2392
2393
2050
2213
2394
1361
2213
1747
2394
2213
355
355
2395
1884
1955
2244
2363
1703
1167
1167
1747
2324
2396
1599
1856
2397
1532
258
2216
1813
1761
2398
2295
836
1137
255
2399
2295
2272
2272
1699
2385
707
707
2400
2401
2328
2066
1905
1884
2142
2140
1817
1758
2096
2402
1699
1884
1955
2403
2097
2404
2283
2405
2096
1024
2291
2083
1813
2059
906
1630
2253
2107
1851
1367
1884
1813
2372
2272
1756
1332
2035
1884
498
2371
2406
1235
1691
2407
2240
2067
2146
2408
1909
1963
377
2409
2410
2411
2332
888
2292
1573
1717
2412
2012
2413
2414
2415
1014
2337
2416
1863
1767
1024
1646
2377
1813
2289
2108
1540
1170
1101
1170
1170
2417
2067
1497
1609
1250
1171
388
2107
2418
1024
1571
2175
2362
1947
2419
1690
1492
170
2342
2382
2067
1551
2310
1955
2331
699
707
1551
1955
1579
1828
1869
674
1150
1571
1944
1148
2420
2421
1517
951
1745
2422
2423
2140
1880
1517
1038
973
2205
2047
2424
2215
1577
331
1617
1682
1770
2013
2287
1916
2394
1361
2420
537
1678
2054
1788
2425
2226
1840
1910
1708
643
2426
2424
1817
1530
1892
2427
2428
1976
2429
1289
1658
1876
1722
2430
767
2431
54
2182
702
2432
1434
2433
1669
2265
554
54
2064
355
355
879
357
1788
2172
1761
2047
2142
2434
2435
1884
2436
2425
2097
2437
2438
2439
2415
2236
2188
1904
2440
2097
2095
1955
2436
1813
2441
2233
2442
2443
2443
1646
16
2209
1894
2237
2231
2328
1718
1976
2444
2432
2445
2165
2446
2447
2094
707
2448
1454
2449
2450
1813
1901
2451
2448
1542
2452
2453
2095
1788
2364
2454
2455
2456
1813
1813
1813
1813
1232
2278
2457
1380
2458
1813
2195
2459
2272
1761
1761
2398
2460
1621
1863
1943
2461
2462
1395
2414
2463
2216
1221
1929
1943
2307
2332
2338
2005
2464
2465
1235
2466
1646
2467
906
974
707
2309
1108
1108
1165
974
1014
1014
2047
1108
974
1673
1103
974
1108
974
1165
1014
2160
1265
1943
2468
1101
1623
1965
2469
2470
2471
2260
480
1024
1475
257
892
1024
2472
1014
740
1024
2473
2142
1918
738
738
2410
2122
2474
1682
1551
1577
2067
2067
2163
331
123
1930
1850
1817
1675
1676
1925
2047
1884
1830
2287
1517
1740
1788
2475
539
2476
2187
2187
2116
1577
2419
1617
1874
1682
1617
2026
2211
1076
1877
2477
1917
552
1313
1550
2478
1524
1617
2047
2432
1534
1362
2054
2102
2381
2112
2020
1019
1361
2181
1428
2475
1658
1581
1222
2479
54
702
785
1283
2174
1896
554
355
2064
746
2450
972
2450
1338
1845
2181
1222
2140
225
2480
225
2232
2232
355
355
2101
2101
474
2481
1813
2436
2097
1884
2095
2482
1955
2436
1955
2095
1695
2047
2195
2483
2188
2272
2484
2404
2314
2439
2439
2447
2188
2198
2485
2486
1532
2487
2488
2489
2155
1543
1747
1955
2142
1788
2490
2456
2399
2306
2209
2443
2445
2443
2443
1490
2376
1945
2291
2491
2456
1554
2306
2492
1586
1657
1788
2493
2289
2494
2357
2495
1813
1675
2496
1185
1839
1813
1813
1813
1813
1813
1813
1813
1813
1813
1813
1813
1813
1813
2272
2097
2083
2322
2497
1995
1788
1788
2498
1761
1900
1756
2497
918
2499
1893
2012
2331
2238
1597
966
2500
1011
857
1593
1221
1638
2047
1813
2501
2502
2216
2503
1794
1092
2493
255
974
2466
2504
2505
1108
974
974
974
1108
974
974
1101
1101
1101
1736
1170
1884
2276
1265
1788
1566
2506
1101
2210
1884
2004
2142
92
537
1265
2507
1768
1670
2142
1969
1042
1868
1948
2508
2382
1761
2213
1761
1147
707
740
92
2509
1536
1038
892
738
2102
123
2372
738
2224
1740
1982
2479
2163
2058
1617
1682
2510
2064
2064
2067
1617
2474
2262
2511
2388
1313
2512
1620
1698
2513
1682
1788
1620
2224
2097
2351
2067
2063
131
1682
331
1719
2514
1917
2472
2515
2273
746
1747
1275
541
976
1266
1968
2047
2047
2026
2346
977
2430
1727
1874
1487
501
2510
1828
1747
972
2019
1361
331
2506
1297
1155
2357
1211
1785
1517
1718
1688
2428
1155
2424
2510
2047
1880
1996
1495
893
2516
1955
2510
1747
1226
1945
1962
355
2140
2140
1658
785
1269
2235
227
2064
2013
742
2140
2017
1503
1874
228
2517
2064
225
2122
2518
1533
601
2209
2519
2172
1817
2520
1955
2436
2097
2381
2251
2097
1632
2521
1798
2322
2522
2460
2523
2523
2524
2523
2439
2440
1788
2404
2525
2526
2521
2440
2523
2527
2527
2523
2439
2209
2440
2363
2528
2209
2103
2293
2529
1955
1744
2405
2530
2531
2276
2526
2440
2532
2526
2526
2142
1024
2487
2533
1599
1235
1599
1235
1092
2534
2208
2231
1693
2151
1767
1699
2535
2142
2536
1813
1813
1813
1761
2231
1817
1761
1808
1813
2537
2393
2538
2539
2082
2238
1332
2540
2095
2497
1761
2067
2463
1269
2059
1234
1884
1243
822
1816
2541
2484
2542
2116
1788
1926
1531
1897
1884
2543
2116
2250
2303
2303
2142
1618
2294
1801
2544
2545
1011
2546
2303
2544
1744
1221
2547
2402
2413
2097
1955
1955
2216
1646
2548
892
2464
258
2309
1170
1170
1101
2549
2260
2550
2142
1621
1203
974
1955
2551
1817
1108
974
1768
1955
2472
2260
2426
1955
2530
1583
2552
1563
1011
1817
2213
1571
2047
2357
1243
2553
2472
1761
2512
2554
2555
1517
123
1551
1024
2556
1772
2107
1442
1983
1617
1617
1289
1682
1649
1181
2142
1640
1788
1709
2557
1682
2514
2142
2357
1577
2505
2558
1905
1430
1912
2104
1063
68
1129
1655
2430
2123
2351
2559
2394
1828
2559
1955
1361
501
1828
1390
2560
1955
1322
2056
1845
1776
1945
1218
2117
1581
746
1702
568
568
2391
2163
1148
2211
1659
2140
1775
2211
1747
1747
2561
1361
2211
1968
1143
1176
1775
1859
2285
2561
1618
1878
2265
2065
46
1155
2013
2562
1332
2355
2563
2245
1955
1916
2439
2440
2564
2047
2097
2521
2209
1448
2265
2527
2523
2265
2469
1805
2565
1366
2521
2566
2528
2567
2564
1805
2097
2568
2569
2302
1946
2570
2495
1599
2571
2265
1669
1699
2047
2095
2497
2095
1638
2368
2572
2573
2574
2574
1813
1699
1946
1235
2095
2083
2289
1813
1813
1813
1813
1813
2201
2565
2565
1668
2575
1813
1813
1813
1813
1657
1788
2576
1593
906
388
1235
2403
2254
2254
2254
2097
906
1747
2298
2133
498
1372
495
1937
1801
2577
2116
2172
1159
2116
883
1943
2460
906
906
2496
2531
883
1375
1816
1813
1563
2116
2578
1126
2416
1817
1653
1815
2116
2087
1909
2579
2342
2402
2047
2579
2187
2216
2412
1839
1943
883
1958
2580
2142
2142
2142
2142
1313
1399
1682
1384
1682
1803
2336
2466
1884
2142
2142
2142
2142
2142
2142
1673
1101
2097
1557
2339
1761
2142
2142
2142
2142
1881
1014
1577
2530
1554
1817
2472
2142
2142
2142
2142
2142
2142
2142
2142
1884
1497
123
1563
2431
2142
2142
2581
1108
1761
2385
1918
2107
738
1790
1823
68
2080
2357
1238
2394
2357
1747
1813
1817
1817
1817
2262
2211
1817
1817
1817
1817
746
1883
1946
1817
1817
1817
1955
1817
2013
2262
2394
1148
1711
1747
2026
1599
2582
2045
1965
2583
2460
1266
741
1817
1817
2514
1462
2277
1652
2558
2215
2584
740
1166
1817
1883
2215
2584
331
1166
2123
1947
1600
1217
2585
1669
2586
1019
1350
2585
2457
2587
1669
2588
2221
1945
2587
2560
1945
1967
2174
1586
2587
2522
2560
1332
2587
1825
2432
2013
2357
2174
1651
1176
742
2187
1882
1883
2373
2021
2391
1770
1776
1742
1649
2561
1937
1742
1683
2353
2353
2128
610
1361
2480
2450
2186
1269
1014
2021
2345
2112
2134
735
2047
2231
2564
1955
2589
738
1951
2124
2209
2295
2443
2401
2590
2099
2321
2142
2222
2283
2591
2047
1884
1813
1801
1181
1884
1955
1788
1813
1813
1813
1371
2300
1813
1813
2592
1884
1581
1749
2142
2142
2441
2593
2142
2142
2142
2142
2047
2047
2594
2595
2452
2596
1577
1664
2142
2236
1929
1984
1577
1815
2042
2597
1807
2142
1813
2209
906
906
1227
2352
1806
2598
2121
1159
2599
2467
1788
2047
1243
1542
1884
2543
884
2142
2319
1176
2325
1788
2142
2600
2142
1720
123
123
2320
1399
1955
1265
2090
2142
2142
2142
1817
1943
262
1313
2107
2142
1955
1955
2601
2268
2602
1788
2105
2047
2420
2105
2603
2604
1103
1103
2114
2339
2271
2142
2047
1243
68
1108
1677
1884
2276
1593
2357
2142
2142
1749
1014
2605
2142
2142
2311
1103
537
2602
2090
2037
1817
1817
1817
2047
2388
2417
1817
1817
1817
1817
357
68
68
68
68
68
68
68
1817
2475
68
68
68
68
68
68
68
1986
1817
1817
740
123
1551
1817
1817
1817
2140
1817
1817
1817
2394
1817
1817
2243
1647
1817
1817
2388
1322
1873
2606
1765
1750
2357
1677
2313
1910
2506
1753
2063
892
1811
2607
2214
1469
2192
1108
2555
2122
2067
2021
2608
1580
1148
1921
1645
1331
2609
2140
1655
1581
2587
1332
1332
2565
2610
1945
2611
1176
2315
2612
1176
2522
1942
2064
2613
1747
2355
2271
2279
1176
2247
2614
1176
1143
962
1708
2007
2615
1748
2616
1748
1916
2172
2209
1747
1916
2142
2237
2237
2047
1024
2564
2237
2617
1747
1813
157
2522
2369
2570
2252
2445
2095
1813
2004
1462
2322
2618
2619
1955
2047
2125
2620
2254
2621
2095
2131
812
2529
2575
2047
1599
2258
2095
2047
2047
2047
2622
1152
2097
2575
2623
1984
1955
2131
2047
1243
2231
1152
1227
2624
2624
2142
2047
2625
2626
1243
2231
1243
906
1955
1159
2577
884
1884
1577
2107
2047
2047
2047
2533
2047
2533
2094
2231
1457
2047
778
2627
2628
2629
2047
1805
1807
2047
1587
2549
2416
1813
1542
2579
2047
2113
2630
1159
883
2047
2631
1955
2632
2629
2000
2205
2047
2047
1761
2633
1632
1749
2634
2271
2047
2047
2047
2047
2481
2047
2047
1103
1788
2105
2047
2047
1761
2047
2047
2047
2047
2047
2481
2047
2272
1416
892
1833
654
2047
2047
2047
1103
1103
2635
1817
1170
973
2636
1663
2037
1817
1817
1170
2058
1108
2142
2350
2273
2637
1170
1678
2273
2638
2357
2064
2639
1398
2357
1747
2026
751
2097
84
75
986
22
756
408
1611
2394
2047
2475
2640
2214
2556
478
1747
501
501
2489
2641
1727
1912
1727
2642
1176
1669
1783
2357
2643
2584
2094
1176
1490
1669
1683
1155
2265
1148
2601
2428
2644
2524
1581
2645
1218
1884
1688
2302
2646
1874
2601
1884
2647
2648
2386
2646
2518
2615
2649
2142
2046
1747
1955
2540
2482
2209
2439
2436
2095
2650
2209
2651
2097
2522
13
2443
2570
1554
2585
1699
2443
2237
2652
1353
2487
2405
2238
2209
822
1955
1747
1761
1884
2047
1243
2493
2653
1747
1747
2298
2047
2047
2047
1699
1633
1581
2047
1159
1563
1577
2090
2090
776
2654
1909
1243
1243
2539
2198
1159
1563
1638
1127
1407
1412
1747
1967
2047
2278
2278
1886
2632
1026
2655
1108
975
2507
2481
2355
974
2047
2656
1101
2657
2538
2658
2657
1014
2357
1014
1108
1108
2638
1662
1917
1014
975
2190
2102
2105
2074
9
742
2192
1817
2561
1884
2659
2192
1026
1534
2097
2660
1571
1883
1517
2140
2387
1884
1361
2097
2263
1266
2313
2661
2214
1783
2609
2662
2663
2664
2665
2664
1332
767
1883
2315
2532
2666
2265
2007
2609
2530
2504
2645
1884
2662
1955
2477
1579
2157
1150
2013
2561
1876
2479
743
2662
2613
1686
1942
1581
1581
2667
2302
2668
1361
2279
238
1490
2669
2106
1297
1297
1732
2670
1218
2671
1581
114
2672
1347
1347
2615
1884
2673
1747
1884
1955
2095
2097
2263
2263
2540
2263
2674
2263
2263
2528
2209
2209
1761
1955
2099
2099
2593
1554
2530
2101
1557
2209
2396
2675
1884
2597
1606
1699
2675
2529
2597
1716
2621
2676
2142
2231
2362
2155
2155
1699
1813
2231
2097
2461
1243
1243
2209
262
2677
1747
2094
1633
2329
1955
1664
2542
1826
1795
2678
2508
1884
1243
1788
2401
1264
1243
1243
1243
1243
1233
2679
1788
2551
1243
1243
1243
2366
573
2097
1788
1243
884
1884
2491
2481
2278
1761
1761
2442
1291
1884
1884
1884
1761
2278
2097
2175
1955
2555
974
974
2635
2542
2555
1475
1313
1108
974
1955
2636
1412
2680
974
1663
2681
2381
1563
1804
2682
1558
2683
2609
2062
1832
1955
2190
2391
2315
1747
2684
2097
2021
1552
2137
1804
1108
1120
974
2685
2480
2686
1594
1747
1724
2314
1834
1176
2028
2425
2451
2214
1832
2214
2313
1640
2687
2178
1747
1976
1845
2093
2586
2530
2530
1845
2688
2271
1600
2352
2124
1800
2431
2662
2256
1581
2256
1600
1734
2429
1297
2279
2304
2646
2161
2646
2689
2689
900
900
1347
900
900
2615
900
900
900
2615
1747
2564
2651
2047
2482
2384
1148
2484
2650
2566
1842
1884
2322
2209
2540
2690
2620
2067
1884
1884
1955
2364
2691
2304
1554
2544
1771
1815
2692
2047
2621
2693
2303
2327
2410
2694
2695
2696
2697
1813
1955
1747
1747
2142
2142
2698
2238
2687
2533
1646
1955
1884
1747
1884
1747
751
2699
2370
2700
2701
1884
1749
1243
1955
1884
1884
1884
1747
1581
1747
1815
1884
1243
1243
1243
1243
1243
1243
1243
2702
2703
1884
1761
2704
2506
1243
2705
1159
1243
1243
2606
2394
2403
884
2349
1906
1823
2706
2706
1761
1761
2707
2632
2706
1955
1943
2097
1761
1884
2708
2148
1761
1955
1747
2248
2636
2706
1629
1761
1812
2104
2357
2709
1884
2485
1170
2710
2711
1101
1170
1884
2712
740
1170
1731
1777
1247
1014
2659
892
1647
2640
2383
2124
2608
2522
2140
1884
1834
2713
1159
2516
1883
1753
2714
2333
1490
1332
2181
1832
2715
2716
1668
234
2316
1026
2302
1530
1770
2488
2279
1581
1581
2157
2157
900
2717
2645
1776
1651
1586
2304
2718
1581
2562
2719
1008
1026
900
2720
985
2721
2721
2722
900
483
900
900
2723
900
404
731
1251
433
900
1348
900
985
900
1041
257
2723
641
900
1550
2187
1753
1788
738
2452
1884
2237
2238
2396
2533
1955
1916
2222
2724
2590
2725
2271
2297
2726
2727
2728
2204
2545
2726
1884
2729
2730
2691
1554
2409
1851
2731
2131
2142
2691
1744
2303
2732
2481
1884
2677
2095
1243
1227
2733
1538
2546
2261
2531
1570
1955
2734
2733
2047
1747
2625
1532
1438
1788
1747
1159
2675
1532
2097
2735
918
2679
2033
1744
2460
1532
2179
1884
1884
2736
1976
2446
1955
1955
1955
1884
2702
2268
2278
1955
1761
1761
1761
1761
1761
1761
1761
1761
1761
1761
2636
2037
2737
1884
1599
2148
2738
2602
1884
654
1955
1955
1884
2623
2739
2740
2605
1955
2740
1884
1788
1747
1910
2097
2097
1884
2210
1986
1884
1747
2475
1517
2498
1986
1884
501
1882
2741
1884
2475
1917
2742
1598
2743
1854
1162
357
2510
509
1220
2488
2744
1451
2187
2745
2510
2214
2480
2582
751
992
501
2537
1324
2650
2352
2746
2302
1955
2449
2271
2747
2489
2178
2352
2630
2721
2748
2024
2562
1581
2024
1581
2028
2646
2058
2749
2748
2124
900
819
1251
357
357
727
1326
900
2750
2751
900
985
1555
2723
1550
2752
744
2615
2753
758
900
2754
778
2755
2481
1884
1916
1747
2481
2187
1747
2481
2319
2500
1747
1955
2142
2756
2328
2328
2564
2757
2620
2097
2758
2424
1962
2198
2442
2608
2546
2724
1713
2131
1788
2759
2760
2447
2155
2731
1884
2697
1747
1554
2410
2142
1554
1747
2142
1747
1747
1243
751
262
1513
1227
2697
2677
1563
1747
2028
1243
2761
1371
2540
1243
2583
262
2762
1884
1884
1747
1747
1747
1554
1159
1788
2218
2577
2542
1159
1324
2671
2508
1159
2542
1788
1943
1243
1863
1884
1531
1955
1884
2763
2271
2271
2271
2271
2634
2381
2505
2342
2764
2494
2271
2271
1554
1577
1884
884
2033
1761
1761
1983
1884
2765
1662
1761
1826
1884
1884
1806
1747
2766
2767
1747
1747
1747
1747
1747
2717
2193
2026
2165
2060
1955
2473
2743
1747
1747
1747
1747
1747
1747
1747
1747
1747
1747
1747
1747
1690
2768
1747
1747
1747
1747
1747
501
1804
1629
1884
1747
1747
1747
1747
2299
2741
1854
1910
1761
1334
1563
2769
2770
2390
2516
2771
2124
2745
2713
2263
2537
2772
2404
2746
2205
1026
2773
2021
2774
1401
2775
2220
2732
2634
1554
2384
2271
1454
1155
1826
1155
2776
2749
900
2242
1847
1251
641
1424
1041
1251
2777
2778
900
2719
1552
1901
1194
1194
900
1451
1555
1555
1549
2288
2779
2481
2187
16
2780
1817
2481
2026
2271
1748
2097
2781
2756
1747
2520
2484
2546
2782
1842
2537
1448
1884
2783
1761
2617
2730
1747
1955
2597
2067
1801
2784
1801
1554
1801
1801
1801
2410
2004
1944
1884
1955
2047
1801
1801
2785
1801
1801
1801
1801
1801
1801
1801
1801
2004
2410
2728
2786
1801
1801
1801
2410
1762
1884
1955
2328
2574
1801
2410
1801
1801
1801
1801
2410
2410
2677
2511
1801
1801
1801
2410
1695
2218
2238
1801
1801
2444
1159
1159
1159
1159
1813
2097
2238
2047
1747
1761
1742
1554
2187
1801
2444
2094
2094
2444
2444
2444
2444
2094
1159
1243
1693
1747
1747
2787
2187
2094
2094
1633
2039
2218
1747
1884
1070
1159
1159
1817
2788
1955
2114
2142
1549
1159
1243
738
2789
1884
1884
1884
2790
1159
563
2508
1747
1747
2791
2505
1884
1955
1747
1747
1788
1747
2271
2056
2761
1955
1788
1884
2736
1884
1788
2346
2792
2793
2754
2754
2794
2594
2510
1884
1955
2795
1747
1955
1563
1747
2510
2168
2562
2471
1577
2739
1884
1884
1884
1884
1884
1884
1884
1884
1884
1884
1884
1884
1884
1884
1884
1884
1884
1747
1747
1747
2796
2256
1581
2797
2510
1369
2708
1955
1788
1884
1884
1884
1884
1884
1884
1884
1884
1884
1884
1884
1884
1884
1884
1884
1884
1884
1884
1884
1884
1884
2097
2739
1955
1884
1884
1884
1884
1884
1884
1747
1884
2765
1884
1884
1884
1884
1884
1884
1884
2028
2760
1916
1884
1884
1884
1884
2798
2390
1036
1247
2187
2799
2124
2675
2514
2800
2484
1721
2583
2263
2484
1451
2641
2489
1792
501
1861
1176
2801
778
2802
778
2004
963
1454
2752
2271
1554
28
1581
2206
1155
1826
1552
1581
1360
900
900
1452
900
744
326
1333
2751
326
1555
1194
208
2803
2187
2481
1946
2804
2288
2805
2431
2319
2806
2187
2807
2803
23
2808
1747
1955
2809
751
2809
2410
2810
2811
2410
1801
2410
2410
2410
2812
2780
1801
1801
1801
1801
1801
1801
2410
2410
2810
2410
2410
2410
2410
2410
2810
2813
2228
2814
1801
1801
1801
1801
1801
1742
2410
2410
2410
2481
2410
2410
2410
2142
2515
2627
1801
1801
1801
1801
1801
1801
1801
1801
1801
1801
2410
2652
1834
2815
2816
1801
2817
1955
2818
1935
1801
2444
2819
1944
2579
2618
1239
1762
1747
1801
2094
2819
2444
2094
2094
2094
2094
2094
2094
2571
2540
1747
2094
2094
2444
2699
1795
1554
2094
2094
2094
2097
1823
1955
1761
1747
1955
2805
1554
1761
1744
2471
2820
1642
2734
1884
2746
1560
1642
2214
1955
654
1788
1788
1788
1788
2097
1955
1761
2471
2658
1159
2740
2598
1884
1884
1884
1788
1788
1761
1884
1955
1902
1955
1454
2821
1884
1884
1884
1884
2556
1884
1884
1884
1884
1884
1884
1884
1884
1884
1884
1884
1884
1884
2822
1884
1884
1884
1884
1884
1884
1884
1884
2028
1884
1884
1884
1884
1884
1884
1884
1884
1884
1884
1884
1884
1884
2178
2510
1581
2510
1475
2097
1884
1884
1884
1884
1581
2510
2301
1865
1884
2671
1364
1861
2823
2314
2680
2187
2663
2824
1324
2314
2304
1550
2424
2825
1316
1316
2271
2134
2826
2206
2825
2452
2004
1944
1804
2774
1732
1492
1155
2720
1451
1961
1451
2682
744
1901
1473
2827
2751
208
1451
404
404
404
2566
2481
2187
2187
2187
2481
2187
2828
2805
2829
2805
2829
2501
2829
2481
2806
2481
2187
2481
2481
2187
2481
2830
2828
1554
1554
2829
2546
1748
2822
2481
2481
2187
2187
2501
2831
2832
1955
2187
2187
2187
2481
1748
2833
2481
2187
1955
2834
738
2187
2187
2187
2481
2187
2187
2187
2410
2546
2546
2835
2810
2481
2481
2481
2481
2481
2187
1801
2410
1554
2142
2655
1516
1747
2481
2187
1801
2627
1801
2444
2097
2836
1747
2187
2187
2187
2519
2837
1788
1801
2627
1801
2816
1801
1801
1801
2444
2786
2627
1801
2819
2838
2621
2303
2303
2838
1801
2819
2187
2499
2531
1801
1817
2097
2839
2770
1801
1227
1253
2839
2454
2094
2094
2094
1788
2836
2094
2094
2094
2094
1570
2278
2840
2840
1554
888
2094
2094
2094
2381
2381
2381
1955
2381
1851
1944
2604
2675
2505
2668
1955
2820
1642
2841
1955
1761
2389
2842
2843
2844
2807
2701
1884
1955
2231
1761
1788
1788
1788
1788
1788
23
2214
2216
1159
2845
2231
2214
2214
1642
1642
1642
1955
1955
1955
1955
1788
1788
1788
1788
2769
1955
1955
1159
1884
1884
1884
1788
1788
1788
1788
1788
1788
1788
2755
2846
2097
1884
1884
1788
1788
1788
2847
1547
2683
1884
1788
1788
2053
1884
1884
1884
1884
1884
1884
1884
1788
1788
2282
2229
2457
2533
1884
1884
1884
1884
2744
1663
1884
2282
1955
1955
1955
1955
1955
1955
1955
1955
1955
1955
1955
1955
1955
1955
1955
1955
1955
1955
1955
1955
1955
1955
1955
1955
1955
1955
1955
899
1955
1955
1955
1955
1955
1955
1955
1955
1955
1955
1955
357
1955
1554
2571
2848
2525
2214
2268
768
1749
1070
1297
2849
2279
2178
1892
2825
2269
162
2391
2766
2562
2850
2615
1877
1452
2721
1901
2851
2719
2852
2778
2853
208
404
2721
357
2566
2694
2481
2187
2854
2319
2097
2481
2481
2187
2855
1916
2808
2481
2835
2835
2546
2097
2187
2481
2546
2381
2546
2546
2288
2438
2481
2271
2263
2328
2187
1801
2094
2410
2484
2222
2097
1801
2655
2303
2856
1801
1801
1801
1801
2816
1801
2094
2303
2303
2303
2250
2142
2627
2546
2499
1813
2381
2094
2366
2546
2835
2094
1024
1813
2094
2381
1851
2238
2481
2381
2623
2251
2511
2677
1761
1953
1955
1788
1800
2553
1753
2097
1761
1159
2857
1788
1788
2193
1955
2846
2608
2858
2859
1884
2557
2229
2728
2452
1884
1884
1581
2608
2767
2740
1884
1542
1908
1986
2462
1955
1955
1955
1955
1884
2583
2538
2435
2860
1955
1955
1955
1955
1955
1955
1804
1150
1955
1955
1955
1955
1804
1955
1955
1955
1955
2644
1955
1955
1955
1955
1955
1955
1955
501
1955
1955
1955
2861
2862
1612
2861
2614
1317
2214
2214
2471
900
357
1550
408
744
2178
2863
1683
2612
2864
1826
1581
2753
2723
1773
2865
2866
674
2853
2853
1550
2721
2867
2853
900
357
1552
357
900
1107
1748
2868
2869
2870
2869
2781
1916
2871
1748
2593
2546
2187
2872
2484
1817
1747
2835
2574
2558
2650
1402
1801
1801
2816
2873
1788
2574
2838
2303
1315
2874
2303
2303
2875
2839
2142
1472
2303
2303
2303
2303
2876
2545
2856
1695
2655
2546
2546
2877
1884
1813
2358
1909
2878
2381
2381
2729
1606
1801
2381
2381
2381
2840
2840
2381
2097
2839
1944
2328
2879
1233
1860
2840
2238
2238
2840
1955
2880
2460
1962
2093
2881
1955
2747
2114
2603
2882
2755
1714
2883
2764
1806
2884
1788
1788
2844
2114
2473
1159
2097
1788
1788
1908
2885
1884
1955
2097
2097
2097
2557
1547
2886
2097
2540
2887
2552
2772
2448
2739
2097
2097
2097
1884
1955
1955
2765
1955
1955
1955
1424
1955
2669
1178
664
1261
573
2431
357
1581
1581
1581
2427
2888
2689
2889
2889
2825
2825
1581
2853
2648
2298
2220
2867
2219
1581
1877
1877
2890
1451
2891
1452
2753
2721
2892
1169
2774
1464
1348
1360
1251
1348
1341
357
2720
1555
2893
904
1514
1287
2513
2319
2781
2546
2546
2835
2878
2805
2781
2359
2303
2894
2832
2724
2873
2621
2895
2896
2303
2303
2546
2759
2303
1823
2655
2546
2642
2204
1531
1024
2697
2328
2746
2897
1817
2328
1884
2047
2898
2418
2251
2205
2899
1823
2142
2097
2900
2097
1804
2501
2103
2707
1884
2540
2557
2097
2097
1159
2097
1884
2097
2097
2097
2097
2097
2097
2740
2901
2777
2097
2006
2097
1973
2902
2097
2330
1817
738
1955
2485
2097
1802
2653
2271
2903
1322
2271
674
664
1955
2062
2904
2134
674
1396
1975
2790
1896
2825
357
2391
2882
357
357
1333
1501
2778
2865
2163
1581
2905
2905
2850
1877
2906
1348
2391
1722
900
2721
2907
1473
2750
1348
1451
1348
1251
2853
1748
2319
2319
2908
2854
1748
2319
2855
2909
2854
2381
2854
2832
2805
2868
2546
2900
2238
2546
1554
2868
2303
2303
2910
2845
2809
1813
2874
2268
2805
2805
2903
2501
2807
2303
2268
2779
1389
2162
2903
2121
1747
2303
1462
1389
2095
1884
2815
2008
2812
2877
1820
2328
2877
2911
2218
1940
1884
2603
2912
2238
2913
2097
1315
1955
2229
1813
2097
2885
1600
2902
2740
1788
2097
884
2097
2097
2737
2006
1884
1529
1986
1986
1955
1656
2914
2821
1749
2168
2882
2882
1148
1528
1169
1169
1749
1169
900
1910
900
1774
1581
1722
1451
2722
2915
1401
2916
1148
2892
1130
1961
2916
2752
2802
1748
2917
2833
2781
1695
1748
1801
1944
2918
2919
2918
2354
2805
2595
2829
1844
2786
2596
1747
1459
2920
2805
2921
2501
2830
2898
2841
2877
2780
1549
2501
2041
1462
2897
2877
2362
1747
1761
2922
1813
2681
2338
2418
2238
2789
2218
2735
2681
2681
1747
1099
2857
2001
2404
1817
2199
2277
2923
2553
2608
2924
1102
2925
2821
1973
1364
2304
1955
664
2263
674
1169
234
2174
900
1534
2433
2825
819
2639
2893
408
2892
1537
1507
2907
2926
2891
2890
2916
2927
2854
2908
2319
2928
2319
2929
2142
2762
2742
1747
2067
2930
2229
1549
2931
2067
2829
2157
2676
2501
2829
2669
1549
2932
2238
2620
2814
2229
2501
2698
2499
2328
738
2803
2697
1916
2250
2922
2097
2933
2223
2229
2857
2114
1750
2934
1753
738
2379
1753
2879
1713
2362
2540
2400
2313
2935
2844
1070
2502
2201
2936
1800
2268
1713
1581
2634
2823
234
2825
2825
2866
1169
1581
2890
2019
2937
1581
2057
2220
2890
1526
1550
2705
2319
2917
2938
2319
1748
1748
2939
2381
2319
2909
1817
2499
2940
2095
2271
1813
2941
2929
2942
2943
2572
2501
2142
2944
1554
2945
911
2803
2799
2431
2536
1960
1955
2540
2106
2501
2228
2205
1767
2881
2883
1105
2943
2937
2557
1653
2887
2470
1855
2789
1105
2301
2711
1182
2946
2502
2794
1713
2843
1937
2947
2028
2948
2644
2214
2504
1600
1148
2825
1169
2628
1169
2937
2937
2905
2866
1348
2937
2562
2937
2562
900
2906
2908
2546
2781
1748
2871
2319
2928
2949
2950
2834
2314
2650
1747
2941
2931
2264
2877
1761
1823
2238
2407
1788
2951
2952
1753
2548
1956
1563
2953
2428
2954
2824
2510
2557
2557
1549
2955
1817
2955
2711
2943
1549
1662
783
1854
1563
744
2953
2956
2777
2957
1901
2000
2685
2298
2006
1767
1753
2777
2299
2923
2607
234
1581
1534
1660
1581
1581
1169
1421
1421
1169
1555
2562
2774
1581
2256
2220
1581
2801
1581
2864
2915
2937
1971
1581
1581
1971
2958
2959
2890
1722
2917
2938
2960
1748
2961
1748
2931
1747
2362
2940
2405
2962
2931
2142
2877
1813
2879
2942
2963
2805
2688
2314
918
2548
2714
2755
2740
2901
2375
2683
1570
2502
2089
1750
1642
2755
2301
1642
2842
1292
2843
2471
2964
1652
1753
1767
1753
1753
1753
2805
2934
2277
1767
2964
2277
2408
2510
1600
1971
2797
2648
1169
2775
1581
2937
2648
2562
1581
2965
2937
2825
1036
2689
2477
1971
2797
2648
2937
2562
2648
2937
2562
2966
1581
900
2967
2895
2917
2116
2950
1747
2968
2932
2969
1024
1813
1813
2047
2097
2963
2180
2542
2805
2970
1462
2971
1568
2933
2714
1767
2358
2901
2459
2923
1547
2843
2491
1570
1753
2777
2214
2606
2972
2006
2214
2648
2653
1169
1036
2562
2937
2937
2937
2937
900
2973
2546
2563
2550
2939
2974
2546
2039
1563
2962
2697
1896
2975
2513
1813
2944
2789
2976
2509
2771
2977
2977
1642
2935
2214
2558
2909
2880
2880
1642
2924
2798
2214
2755
1570
2214
1485
2214
2553
2754
2978
2510
1774
2517
1396
2832
1813
2238
2931
1937
2940
2979
2980
2981
2238
2982
2405
2829
2755
2703
1462
2934
2593
1462
2704
2704
2983
2714
2885
2984
2971
2985
1960
2684
2471
861
2978
2986
2563
2319
2808
1024
2533
2900
2703
2987
2828
2097
2755
2564
2714
1316
2975
2499
2988
2989
2314
2934
2990
2990
2885
2991
1297
2599
2503
2942
2606
2338
2665
2754
2992
1913
1570
2562
2625
2937
2517
2993
2937
1362
2781
2900
2328
2994
2308
1955
2282
1817
2984
1960
1753
1753
2742
2971
2035
2995
2417
1817
2920
1916
2738
2006
2422
1640
1169
2996
2997
2293
1813
1024
2984
1989
2501
1753
2259
2759
2998
1823
2886
2411
2859
1806
2990
2847
2820
483
2856
2999
2909
3000
1475
2900
2900
1813
2990
2343
2229
2229
2885
3001
2886
2820
2985
1508
2995
3002
2277
2926
2357
1747
2929
3003
2241
2692
2988
1508
2998
3004
2963
1508
2365
903
3005
2820
1577
3003
2703
2089
1327
2455
1450
1148
1499
2282
2303
1508
1450
3001
3006
1753
3007
2900
2982
2833
2939
2910
2880
942
1044
1278
2064
357
357
2947
1388
2410
2835
357
2118
942
357
357
357
1038
2610
736
735
1081
960
357
357
357
357
357
357
942
357
2112
2120
2072
735
942
357
357
357
2173
3008
942
942
1097
357
1710
942
2275
2274
2744
262
371
1899
131
171
103
2986
22
271
889
274
229
134
262
425
102
211
171
657
475
189
473
47
67
1117
355
225
228
355
225
225
228
355
194
594
14
45
521
981
533
509
972
1119
3009
463
634
642
139
848
1291
355
225
228
225
355
227
357
225
355
355
355
355
228
228
355
355
355
228
225
355
225
228
745
121
1353
1502
130
116
1502
301
101
594
1175
470
1204
558
293
357
355
225
355
54
54
228
357
357
357
227
228
228
228
225
227
355
225
355
225
357
1440
257
1809
474
1353
400
32
206
173
725
471
215
729
355
355
54
357
227
228
228
225
355
357
337
1658
839
380
362
228
777
2478
355
357
54
54
355
355
228
357
198
357
255
259
1712
357
228
225
942
1002
735
735
735
355
225
355
228
228
355
357
357
357
357
357
357
736
1463
269
357
656
352
729
112
918
881
735
572
739
735
739
739
739
739
735
739
739
739
739
736
739
736
736
736
736
735
739
355
958
228
735
735
735
357
357
821
357
656
155
1038
735
735
739
735
735
735
735
739
739
739
735
739
355
357
355
225
1890
54
228
225
225
355
225
355
355
355
54
735
225
357
357
357
357
357
3010
1471
375
831
958
735
735
735
735
346
225
736
42
1601
357
357
355
355
225
357
735
735
227
227
355
735
357
357
357
357
2378
1042
228
357
942
2062
494
735
735
735
735
735
736
878
735
735
357
225
357
225
355
228
357
228
357
357
1353
1353
1711
1353
3011
357
357
522
230
225
567
357
735
736
357
355
355
225
228
228
735
357
357
357
357
228
735
357
357
357
355
355
355
355
357
357
357
355
228
228
357
357
357
942
942
357
1802
1538
397
357
357
736
357
357
357
357
357
662
1349
942
3012
388
735
735
735
1016
735
739
227
225
357
357
54
54
355
357
736
357
942
357
357
678
357
357
357
357
357
942
2285
657
739
1084
1373
1698
357
357
227
357
355
225
225
225
357
357
543
509
917
1278
2800
357
225
225
1087
735
355
1645
228
228
942
357
357
228
735
357
942
357
225
355
209
1291
707
777
355
225
555
227
228
355
228
357
227
357
357
357
228
357
357
225
228
2090
1054
736
3013
355
225
228
942
735
355
225
829
2439
881
1747
563
1890
225
801
739
1147
735
736
227
228
228
228
228
2481
806
736
736
1833
357
357
357
1538
1705
1353
1353
1353
1619
228
1491
801
871
879
1890
958
54
1038
1664
801
225
225
735
735
739
255
801
503
2270
739
739
736
1749
2215
1269
1884
1090
2275
739
1884
1325
1243
2410
599
3014
2018
1579
1456
2036
1983
801
1816
1481
1913
1983
1886
1981
1934
1978
884
2076
1374
6
289
2123
1932
1932
1977
1934
1982
3015
1402
397
2747
2541
1372
2051
1876
1977
1977
2075
1993
1108
1993
974
1801
2532
1353
1353
1353
707
801
2245
2187
1908
951
1847
884
2122
1592
2169
1593
2090
3016
357
568
2807
2047
1788
1353
2675
1234
2283
2047
2098
1955
1294
2172
2172
1577
1577
1577
1577
1813
767
2086
2135
2975
1747
2047
1570
1943
707
973
1577
1577
2186
1577
1577
1577
1577
707
2265
2137
2290
123
2254
2165
1517
2410
2160
1547
2586
2586
3017
1821
2805
2113
2113
1577
2132
884
1577
1577
1817
2837
1577
2116
357
2142
1363
2326
2542
2445
1234
1192
2328
2564
2523
1291
884
1915
702
2172
1747
2244
1747
1817
2265
1638
1159
1640
707
2609
1599
1599
2359
2742
2633
1552
1503
1832
1582
2060
3018
2318
2047
2569
2542
3019
2165
2363
2868
1909
1943
2216
1159
1663
1529
2532
2523
2523
2523
2026
2174
2142
2209
1807
1884
1884
2471
2237
3020
2715
1801
1801
2155
2058
2381
2094
2350
2140
1148
2181
2430
1747
401
2203
3021
2523
3021
3022
2263
1767
1813
1243
2763
1495
2116
1813
2710
1243
1104
1217
1783
2440
1884
1955
1747
2484
2922
1813
883
2216
3023
1313
2976
1955
2521
2523
2237
2318
2811
2725
2289
3024
1955
1645
2894
2696
2555
2329
2047
2980
1884
2572
1563
1884
1525
73
2977
2438
1884
2057
2142
1916
2938
2042
783
2238
1884
2714
2815
2579
2094
2187
2187
2094
2444
2410
2090
1884
2097
2187
2481
2187
2829
1801
2992
1554
2919
2622
1955
2758
1896
2951
1761
2677
1014
1014
2695
1747
1967
2027
2237
2519
3025
2484
2546
1815
1773
1761
2810
2810
2831
2896
2781
3026
1243
1574
1542
2989
400
501
1802
2858
2930
2965
641
2774
2187
2655
2693
2728
1884
1761
2707
3026
2585
1861
1403
984
1251
1606
2381
2727
1788
2580
1813
1747
2344
1747
2625
1176
2628
483
2094
2410
2094
2410
2271
2187
2381
2094
2094
2410
2410
2410
2094
2094
2094
2094
2381
1801
2856
2444
2094
2381
1801
2381
1801
2229
2410
2835
2835
2410
2410
2381
2835
2835
2546
2410
2410
2187
2835
2810
2835
2094
2094
2819
2094
2410
2410
2094
2094
2410
2410
2381
2410
2410
2410
2381
2410
2410
2546
2094
2094
2835
2094
2410
2835
2410
2410
2094
2094
2410
2094
2094
2410
2789
1291
2299
1884
2510
2187
2481
2805
2804
2094
2410
1801
1801
2094
2444
2410
2810
1801
2094
1801
2444
2546
2410
2481
2895
2094
2444
2094
2094
2094
2094
2381
2812
2444
2381
2094
2381
2303
1747
2097
1761
2993
2481
2805
2481
2319
2187
2481
2187
2381
2816
2997
2381
2381
1788
1955
2650
1817
2037
1955
1642
2481
1788
2187
2835
1851
2999
2901
2914
3027
2546
1761
2799
2838
1823
2755
2639
2797
1877
225
2673
2558
2967
2566
2097
1970
2301
2937
2562
2546
2805
2832
2918
2805
1105
2512
2711
2956
2854
2952
2298
1581
2850
2949
2919
2963
1750
1563
1554
2892
2562
2905
2563
2319
2961
2997
24
2066
1570
2502
24
2628
2628
2966
779
1268
2928
1748
2845
2805
2825
2707
1892
580
2937
2992
2471
2006
2945
3028
3029
41
3000
2900
1798
22
4
4
175
35
30
339
706
4
541
208
70
67
24
68
93
101
68
98
101
101
4
80
81
255
75
4
101
553
126
101
947
433
126
129
1915
165
175
250
803
211
146
1015
205
175
129
229
189
485
669
221
345
454
344
759
324
375
114
41
41
269
29
9
1122
3030
31
3031
146
3032
3033
172
450
307
1422
210
41
31
343
243
537
41
681
691
781
535
541
1260
339
1666
210
533
945
689
3008
343
1259
115
41
368
377
710
41
553
1574
304
761
533
334
254
869
71
823
634
757
54
41
484
41
41
45
609
1279
765
1694
9
9
145
323
634
521
1519
45
41
1111
45
94
961
854
860
520
32
622
650
761
387
488
699
498
1303
598
3034
1010
120
29
3034
118
228
1995
567
2298
763
1353
45
712
375
1060
614
729
572
869
567
741
45
526
833
57
1047
10
945
937
1334
207
870
461
1101
1914
889
303
414
515
41
998
958
9
1296
781
858
629
794
296
1178
1096
572
555
1105
589
532
794
955
955
1660
647
1196
461
3035
3036
188
976
1270
1573
1419
1700
92
843
1524
1063
890
461
3037
2069
1217
1240
2130
843
426
504
1263
832
1047
695
1296
255
1221
190
1440
1934
1575
331
1130
1403
188
1119
1949
2633
677
1593
1813
742
537
1499
2048
1170
1194
2523
1275
1372
208
170
170
886
289
1007
296
1384
977
1171
1954
1998
1749
1538
1929
1284
1506
703
358
1307
2661
1228
956
2239
1291
1523
1420
1269
1307
1540
1582
707
1704
2942
1400
740
1540
2552
1837
1593
1726
1540
975
1683
1399
3038
1556
1234
860
1534
2155
92
1427
1936
1664
1991
1401
1749
2486
1230
906
7
1009
1577
2098
1859
1308
1228
1598
1818
1228
1695
1802
1243
1759
801
1817
5
3039
1477
2216
1818
1361
707
2392
1887
2341
1955
1570
2158
906
821
2829
1362
2187
2799
900
2028
2431
2410
1901
2792
1767
2689
1642
43
2088
117
184
45
481
289
188
461
15
226
355
340
118
449
470
355
228
228
228
357
357
481
957
1879
963
233
492
357
207
436
867
357
1409
408
839
736
739
739
739
739
736
357
357
1296
1175
3040
739
225
357
661
1484
2485
792
2272
2023
1601
1710
2120
2188
2248
2927
2911
2173
801
2173
2270
1338
45
4
500
15
155
9
35
9
1221
362
569
35
172
31
1909
187
1208
35
25
499
168
228
355
45
777
392
358
729
41
46
297
1866
1078
171
559
789
228
228
225
228
54
657
362
2948
1600
563
2193
1475
2367
227
3041
735
155
2048
2298
384
45
155
789
538
801
355
355
355
357
357
225
357
357
227
357
357
355
355
355
225
225
225
355
225
227
355
225
357
357
357
357
357
357
355
228
355
225
355
225
228
357
228
227
227
228
357
225
355
228
357
228
522
382
1353
1193
1996
771
1580
155
656
255
1240
286
480
674
470
374
1168
852
563
735
735
225
357
821
885
739
739
735
735
735
739
739
735
54
735
739
736
739
736
736
736
736
735
357
739
736
357
831
831
1549
1175
3042
3012
1457
1175
855
978
857
1809
1694
3041
228
228
2083
1226
736
228
228
228
225
357
1890
739
357
357
509
352
1299
225
878
735
357
357
357
355
942
652
942
958
1340
942
21
1120
379
1413
355
1085
357
822
555
625
1246
962
1078
1138
504
2014
645
1438
707
1639
1176
1944
1594
2246
1243
2533
2919
2903
1944
2919
2919
3043
1646
821
601
563
2522
1447
801
1654
573
1590
1432
1994
1718
357
555
1224
1481
331
2327
2546
438
537
2097
2395
2285
2796
2959
1361
1749
2214
2846
2237
1102
3044
2589
2724
1475
2373
2880
2229
1646
2410
822
1745
2273
2724
2137
2097
1813
2592
2524
2524
1646
2232
3045
2532
3045
2757
2805
2919
2097
2557
2957
2694
2277
2519
2899
3046
2952
2187
2094
2851
2771
2533
3047
3048
2926
1550
1476
900
1451
357
2628
2853
2410
2444
2444
1801
2444
2410
2444
2444
2094
2094
2410
2094
2410
2004
1454
2846
2214
2471
2873
2868
1100
10
10
2956
188
2777
12
4
4
46
46
10
769
46
2232
584
1367
155
291
191
281
432
1017
1076
293
671
884
677
2298
402
940
495
1399
801
1749
2660
1171
1633
1581
2027
2425
1105
1035
2640
1209
1724
397
357
357
2263
1494
225
620
1593
929
707
2848
357
601
228
2237
2532
2564
2532
2443
806
3049
2239
1540
2216
1761
2028
2972
2884
2937
227
293
357
357
942
1513
900
2248
1560
396
1885
225
227
745
876
225
733
254
3011
228
21
357
735
736
958
676
739
739
736
736
735
739
54
227
357
736
878
355
357
878
357
357
942
942
739
357
360
739
289
357
2603
118
228
225
225
1695
2248
1494
1651
2145
2736
2150
978
438
520
498
2209
1748
170
1209
2656
2805
2278
2286
3050
1791
2372
3051
2216
829
2991
2931
2492
1761
3052
1114
1884
1884
2835
1788
2776
1801
2094
3053
1600
1748
2444
2795
2723
2481
1955
2950
2536
2241
1251
1695
900
2844
2851
1526
3054
2229
98
541
247
1007
833
361
897
645
3055
1558
45
45
76
1230
736
1527
175
1233
501
1073
1593
707
1729
355
357
736
573
942
2208
1801
1638
262
2514
2142
170
951
806
1768
1428
715
3044
1428
1019
822
3040
2271
1992
1517
1770
1964
501
1942
3025
2142
1148
1024
999
884
1817
1577
1577
1577
1577
1577
2120
1577
1577
1577
1577
2095
1761
1884
2573
1536
1579
2585
1385
2644
684
2651
1955
3056
1788
1451
1788
1788
1788
1884
1884
357
2090
1955
1324
2481
2481
2187
2187
2187
1761
1570
2397
1788
1955
326
900
1194
1801
1801
2094
2381
2381
1884
1851
2278
1955
778
1451
357
2187
2187
2481
2481
2187
2481
2481
2481
2481
1960
167
3032
313
30
1493
33
132
132
62
182
138
992
292
210
210
1194
327
283
82
811
545
46
289
289
1147
1189
1205
600
90
1302
357
869
636
1934
3057
1266
2662
2843
2453
1497
2420
2825
1036
43
709
155
400
920
821
1228
1699
719
1494
1840
2434
35
908
375
777
1356
331
357
1016
1556
1401
1174
1658
2478
1325
480
777
1024
767
1170
1708
1428
813
1593
986
1518
2445
9
1703
7
1289
1170
1960
9
1477
1468
2368
474
677
15
1646
951
1887
225
357
1761
2748
1490
281
1155
3058
1552
838
584
1595
1597
1909
397
1517
742
1938
1632
1577
2076
1495
1021
2113
2362
2818
2120
1428
3059
2161
2727
1235
2045
2198
2698
3021
1819
2065
2481
2363
2158
2271
1817
106
2937
2045
1761
2097
1159
2410
3060
2094
1747
1801
2187
2187
2481
2187
2094
2094
2381
2147
2090
2495
1788
1023
1196
6
42
69
4
1455
49
576
45
334
367
255
74
629
955
977
479
910
348
594
456
1502
955
735
735
337
321
572
794
1764
782
297
722
2023
1249
1586
1828
1209
2755
2033
234
438
1545
1540
2242
2023
481
357
739
1281
980
2615
2405
126
188
155
438
825
615
736
736
2119
2404
1220
46
3002
792
539
1761
3058
1358
888
959
2018
1058
1345
331
952
1633
1459
1540
441
1115
1850
1110
884
1583
1589
1540
1540
1926
1763
15
92
2791
1813
1926
2151
884
2219
2128
2361
1998
1814
1545
1692
1779
1887
2023
1884
281
765
1323
666
2720
2724
1577
269
1894
293
67
2116
2724
413
1577
170
1174
2740
2315
438
736
1155
2481
117
784
1710
1105
2119
2331
3036
892
2098
2172
800
1581
1731
744
357
15
327
739
2119
1695
3059
1944
1826
228
225
1788
909
868
589
15
1138
2916
2249
1209
1330
1634
1148
357
594
2211
1038
170
1804
2142
2119
2192
357
357
357
357
1941
857
767
357
357
1243
1817
2120
2120
1965
1444
1577
599
1823
501
1215
357
357
1243
1995
65
2272
2295
1011
9
1965
383
419
1615
1712
355
355
1778
2097
1361
1915
1412
2476
2142
2520
1376
2817
2095
1683
2615
225
1913
962
2484
1550
1550
2615
900
2236
2789
900
2615
2755
2339
1742
1683
1792
1176
2187
1877
1333
751
1150
2471
2748
1967
751
2972
1514
357
1761
2214
2097
2301
357
1550
357
357
2844
900
2896
1292
2491
498
2471
2689
1854
3061
1959
2742
518
1271
69
298
94
218
472
175
293
178
41
240
489
35
196
575
533
654
15
72
152
25
1612
373
355
436
1010
201
1014
355
228
357
357
45
117
3062
170
1101
436
276
436
151
804
1435
656
900
382
1083
225
357
357
32
942
225
316
745
388
22
1217
735
739
735
735
357
357
739
2850
2106
735
355
735
357
1219
739
228
2052
357
379
1475
2094
2424
1577
3059
1575
1102
2962
564
900
1801
2546
1148
1913
2047
1750
2220
24
81
281
343
318
773
155
835
1515
892
269
741
1404
2555
1340
170
1011
1846
1899
362
467
188
15
1209
355
357
357
225
877
735
735
2330
1944
2303
801
2232
1750
1807
2640
258
878
170
357
2867
2973
1581
2562
195
227
2068
1695
821
2523
139
541
759
1944
170
2219
2811
1217
1209
738
677
42
736
357
443
790
949
735
1890
357
942
2312
467
1163
509
1059
357
958
355
298
2761
1342
228
819
739
999
739
925
822
1263
1627
677
1585
1296
690
967
967
707
262
7
1243
118
15
9
1627
1481
1797
501
1769
331
821
486
170
1481
1266
2312
1532
1428
1492
735
906
2279
1955
1581
2142
2962
2625
355
54
357
614
207
806
707
754
3042
735
739
857
707
357
357
357
357
1601
1577
2289
1801
2232
187
1035
2395
228
2045
855
1105
1686
1340
707
1577
1147
1385
584
2097
2506
2644
1890
2358
2097
1266
1059
801
939
1874
2187
2581
1358
11
584
204
719
1299
801
1890
955
2554
736
225
1365
610
801
1747
2562
3063
735
942
1334
871
1577
2716
523
2251
1159
2976
2578
2615
1392
1753
1174
736
801
1509
357
357
1356
357
357
951
1011
1884
2213
2094
2444
2094
1817
45
169
10
1500
228
958
735
355
331
357
1283
1896
16
1577
1554
2525
2175
1643
804
735
1749
2787
3059
302
739
2400
355
2777
852
735
2567
438
227
1386
735
1015
906
1269
613
1401
1405
1686
1163
2003
736
124
1221
292
357
29
801
2590
2431
1967
2094
225
1943
2376
917
677
355
1804
2080
2055
2689
2916
2176
2608
86
127
132
209
165
113
477
80
45
1733
225
225
357
466
1304
355
357
357
357
357
942
357
228
793
735
225
2060
1832
3064
1577
3065
474
1699
2004
2439
2746
1690
2094
2444
1554
2268
2471
751
1955
2896
82
1023
573
498
348
2686
724
1159
2811
168
735
735
739
1494
3057
1270
226
355
3064
735
1299
255
1813
2586
1695
2272
2712
1492
255
357
736
1998
1150
1761
2097
2615
2748
2471
42
946
900
1019
900
357
1216
355
1880
3066
2628
6
1056
2147
1322
1632
15
1909
1679
2097
739
735
2825
580
501
1490
1148
1490
804
101
1150
1761
2301
618
2848
2937
42
97
203
821
944
2076
2292
1998
357
285
736
357
2533
563
2097
397
2226
1341
959
942
1852
1165
1266
1176
1024
357
1324
2670
357
326
2721
1747
309
360
15
9
120
196
9
951
2012
1570
35
45
552
233
822
726
2773
2862
1274
774
1901
225
635
9
357
599
1150
900
738
1313
2214
2097
474
189
45
804
2140
2408
438
801
2090
163
2142
54
357
649
1319
383
656
951
1925
1224
1642
2533
498
1418
1955
2751
10
196
1547
269
977
2120
764
22
357
942
739
739
739
54
942
357
357
357
355
1955
2115
1577
1577
1101
2444
2404
664
2783
1287
279
450
350
461
1161
1175
1549
355
1712
905
735
676
639
1711
280
1243
1946
3066
2631
2532
2505
2825
2813
2809
2562
739
1813
2349
1060
2209
2187
3047
1943
35
736
1200
1583
1857
2235
2921
2585
2615
2519
891
1168
749
735
470
355
2252
126
170
355
821
707
1268
831
382
1149
1152
601
1817
736
942
812
777
1675
882
1540
357
225
2096
743
801
588
326
573
6
1161
1334
3013
357
1769
1638
1577
225
2561
2275
2274
2065
355
707
357
962
3041
707
741
1120
357
942
942
1143
2214
1294
228
740
355
2755
9
1940
1423
170
2410
2138
1601
2209
2671
1792
1554
729
2018
68
2321
1083
958
1249
207
1869
355
228
1882
68
502
387
1040
385
2035
942
2595
1259
225
1421
126
2376
958
1015
1019
357
736
357
1554
2216
2805
739
578
2718
228
2052
3062
355
129
707
232
2044
57
289
2973
1071
702
2025
373
357
357
227
951
1749
1708
1793
2355
2885
356
563
1201
767
355
938
74
41
2431
1147
1644
1875
1943
170
801
1581
951
355
1759
49
2937
1073
438
559
2094
3067
873
797
228
1776
607
677
225
1871
1570
1275
498
1964
884
225
2111
735
572
942
736
2189
262
355
225
736
1502
15
54
735
202
41
2165
54
862
357
1403
735
355
225
1801
942
357
2265
240
729
1849
357
2256
500
41
739
2363
228
45
735
357
1304
1014
357
2377
167
1796
437
358
739
228
1216
2442
942
1402
1184
942
202
1291
554
2431
308
2389
3049
3037
973
914
35
118
1215
897
2443
1045
1602
1761
407
2919
1209
45
101
2328
2229
355
739
716
552
357
78
707
257
225
3011
357
357
2588
1169
357
1813
2551
1831
2978
357
357
3068
2481
1743
641
448
1840
646
1261
656
1879
768
225
225
1884
112
5
509
494
2889
2438
44
1695
2064
1435
375
355
357
2042
355
1769
355
736
357
355
736
196
1491
474
126
736
225
225
54
54
2490
454
2564
1578
942
1101
1156
612
238
1243
2130
1050
3069
1944
1570
776
735
92
2190
1608
1170
561
131
1497
1170
35
1387
498
1101
4
1014
474
9
228
1210
1831
1057
1067
897
194
35
155
936
900
1817
1364
1466
1540
513
1961
567
2619
900
813
1147
537
1063
857
822
601
2987
572
2229
2505
565
738
559
714
289
1388
921
66
945
2140
3070
383
1599
871
2385
1310
1828
2755
90
22
357
609
3071
543
1654
428
1929
1176
822
713
819
1140
299
910
73
1243
446
63
3057
2853
1329
720
101
2475
334
1569
585
1164
684
45
27
684
302
1946
207
1891
499
1145
2990
763
301
1703
2931
155
1251
2231
1982
942
45
470
1509
357
1262
437
574
2723
1811
357
2908
574
2852
2411
2984
2416
1036
812
1984
178
2227
69
1215
453
1813
2911
228
357
2562
3046
2562
1430
1884
2675
520
2126
1817
293
746
826
1884
2868
498
1562
1444
2649
470
2282
1747
2318
1801
2925
1817
736
355
3047
287
900
957
461
2970
228
2756
536
372
794
1067
2129
2951
1884
765
75
2262
2651
2562
704
2655
460
621
1056
352
2288
746
3013
10
3072
1788
807
2276
2662
3073
2103
1762
2706
1521
1148
3003
596
2271
2650
2097
1771
1811
2662
1747
2547
2258
269
1671
654
2951
836
900
601
2667
2562
2001
479
1361
1148
2755
214
1032
879
108
38
1776
498
1401
2408
898
687
1925
1581
3028
1581
2324
1209
357
537
2285
2314
1788
2942
2672
641
2527
1819
1059
2333
155
328
48
2322
2670
2386
879
3074
