1
2
3
4
2
3
3
5
3
2
2
3
5
5
6
7
8
9
10
11
9
5
5
12
5
13
9
13
10
14
15
14
16
16
17
4
4
4
4
2
18
4
4
4
4
19
5
20
21
7
22
22
22
23
24
25
22
26
27
23
23
28
28
5
29
30
4
31
31
32
33
31
34
31
6
33
35
36
31
31
31
22
37
31
38
39
8
11
11
11
11
4
11
11
11
11
11
11
39
40
11
11
11
11
11
11
11
11
11
11
11
41
11
11
11
11
19
4
4
11
4
4
4
11
5
42
11
11
4
11
11
11
11
11
11
11
40
11
11
11
11
11
4
4
4
4
4
43
4
4
18
4
44
11
5
19
11
4
4
40
43
11
11
11
11
11
11
11
11
11
11
11
11
11
11
11
40
45
11
40
40
4
5
45
4
27
11
4
4
4
4
11
11
11
11
11
11
11
11
11
11
11
11
4
31
46
11
11
11
43
11
47
40
4
11
5
5
4
4
27
4
48
11
49
43
11
11
11
50
5
40
5
11
27
28
51
32
25
51
51
51
51
52
53
25
11
11
11
40
11
11
11
11
4
19
51
4
25
54
28
31
55
32
3
31
56
5
27
11
11
31
27
53
27
57
27
27
58
5
5
27
27
27
27
27
23
27
27
40
22
31
5
31
31
11
11
12
11
46
27
27
59
31
32
32
42
49
60
31
61
31
62
28
31
27
59
31
53
31
31
58
63
64
22
65
31
66
49
32
32
26
67
26
32
32
32
68
31
69
53
31
53
31
70
31
49
32
49
22
71
49
63
22
31
32
33
72
22
32
32
49
73
72
71
32
74
72
72
32
75
76
23
32
26
32
33
5
68
11
31
31
22
77
22
31
22
60
31
78
64
28
49
51
49
31
49
32
79
64
49
71
63
32
23
23
22
80
81
48
82
23
32
32
72
12
69
31
11
22
22
11
22
32
63
83
84
22
79
49
85
31
22
31
49
31
32
22
78
22
31
31
28
31
12
22
23
58
49
22
66
22
28
86
30
39
87
88
31
31
89
31
39
64
6
78
73
90
91
31
31
31
38
22
92
77
31
62
22
25
31
22
22
77
5
83
83
8
93
83
93
93
83
20
94
51
11
32
11
95
96
11
11
11
11
41
11
11
11
11
11
50
5
11
32
97
11
11
11
11
11
11
11
11
11
11
11
11
98
99
31
11
11
11
11
11
11
11
11
11
11
56
11
11
4
31
100
11
32
101
11
11
11
11
11
27
11
4
4
4
4
4
48
102
31
31
11
39
11
11
43
43
27
103
27
51
11
27
51
32
25
51
22
104
25
44
105
11
102
11
11
31
11
5
69
40
27
32
32
106
32
32
40
31
11
31
31
107
31
11
11
20
27
27
25
27
32
108
32
64
109
32
76
32
82
110
12
31
59
11
111
111
31
31
31
56
31
31
11
31
56
62
27
31
15
74
49
112
49
32
32
32
59
32
32
32
32
113
32
100
31
69
69
58
114
31
31
31
31
31
31
62
115
31
116
83
32
22
64
32
22
32
85
44
117
26
49
32
32
32
32
26
33
74
118
46
69
11
69
11
46
31
31
31
31
31
31
31
31
31
31
31
31
31
83
59
24
28
119
120
39
72
32
64
121
122
121
123
31
31
31
31
31
31
31
31
31
31
31
31
31
31
25
11
58
22
20
22
64
78
20
32
84
124
31
59
31
31
31
31
31
31
125
31
31
126
31
31
31
31
31
90
31
59
12
49
78
64
71
23
83
31
31
31
126
31
70
31
49
31
127
31
31
31
31
128
5
39
34
30
31
31
31
129
60
31
31
130
20
84
70
22
26
32
87
22
131
31
111
31
59
31
31
31
132
49
78
31
85
6
64
121
31
64
31
82
22
22
133
31
28
31
22
22
22
83
64
22
8
83
83
83
84
93
83
93
83
93
83
93
83
83
83
83
83
93
93
93
93
83
93
93
83
83
83
83
93
93
93
83
93
83
83
83
83
134
134
31
103
103
39
131
96
135
41
126
25
136
113
11
11
51
11
88
137
95
137
31
11
31
11
11
138
27
135
139
102
31
64
11
11
11
11
32
11
140
141
142
31
137
31
4
143
136
144
145
146
147
145
148
136
149
48
11
11
11
111
11
11
31
4
27
27
103
4
104
104
104
64
135
102
11
11
31
11
31
11
111
4
27
4
32
27
32
108
32
32
64
32
32
32
31
61
131
131
131
31
150
19
5
78
57
25
32
32
32
32
32
32
58
32
151
32
5
11
152
48
31
11
11
11
31
153
25
15
32
32
32
32
48
72
64
32
64
154
31
155
31
56
69
31
31
32
32
32
60
26
11
31
69
126
31
31
31
11
156
31
31
31
31
31
11
31
22
78
32
32
32
126
31
31
31
157
31
31
59
31
31
31
31
31
38
158
83
28
12
33
26
126
159
31
31
31
31
31
31
31
160
31
31
31
31
31
31
31
46
161
162
31
163
31
31
31
31
31
164
31
32
31
31
31
31
31
31
165
39
166
167
31
78
12
82
168
169
31
31
31
126
170
31
31
31
11
135
22
64
108
113
84
171
85
31
31
31
126
172
38
31
31
31
64
133
173
82
171
31
31
174
31
163
31
71
67
31
31
175
32
12
119
39
87
176
67
59
25
177
84
51
178
31
179
31
31
31
115
31
39
22
31
31
180
181
25
58
82
100
182
83
83
83
83
83
83
83
83
183
184
22
30
31
83
83
83
83
83
83
93
93
83
83
83
93
83
83
93
93
93
93
83
83
83
83
93
83
83
93
93
93
83
93
83
83
83
83
93
93
83
22
185
83
83
134
134
69
70
48
11
126
11
11
126
126
186
187
32
32
188
11
31
32
51
189
32
190
31
191
11
192
189
190
48
59
31
11
11
39
90
111
11
4
4
144
193
111
32
194
5
195
131
40
196
145
197
176
198
1
1
199
39
200
136
199
148
201
25
32
202
203
204
11
131
4
27
27
11
64
11
11
11
11
187
205
11
31
31
31
31
31
31
31
31
31
131
90
64
64
64
206
102
11
111
11
11
207
11
11
31
63
25
25
166
32
208
32
209
11
143
102
1
193
61
25
191
31
207
57
64
32
32
156
210
31
31
31
172
20
211
25
32
32
121
11
212
31
31
31
31
31
31
31
31
20
20
64
141
32
49
79
32
32
168
213
214
11
31
31
126
31
31
49
31
31
31
31
31
31
215
31
31
216
31
31
31
90
19
168
32
32
166
217
111
205
31
69
126
126
218
31
31
31
31
31
31
31
31
165
78
32
32
32
87
87
219
5
31
220
31
31
31
31
31
90
165
180
221
222
31
126
31
31
51
31
31
31
31
31
31
31
161
30
31
31
31
31
157
31
220
39
59
31
223
64
84
224
225
226
31
31
31
67
39
227
228
64
34
60
157
31
25
31
229
168
33
225
31
39
22
64
82
85
12
184
31
83
83
39
83
230
64
85
30
83
83
83
83
83
83
83
85
185
83
83
83
83
83
83
93
93
93
93
93
93
83
83
83
83
134
134
134
134
134
134
134
134
134
134
134
189
134
108
32
231
11
48
41
190
188
119
32
187
1
188
108
39
11
32
11
64
232
51
233
31
11
209
48
140
51
234
97
67
209
31
11
235
18
148
148
32
42
11
11
31
11
209
156
236
236
31
237
98
238
201
239
136
176
240
145
98
241
182
31
31
31
126
32
64
31
11
69
11
11
31
31
31
31
4
4
32
32
32
6
6
6
11
242
31
31
243
244
31
245
246
111
61
11
11
247
165
32
96
69
31
156
155
193
31
131
118
32
68
108
64
32
32
61
11
248
61
64
31
249
31
218
31
31
103
21
64
199
250
108
32
5
111
251
31
31
203
31
31
252
59
11
165
85
32
32
109
26
19
31
126
31
31
31
31
31
253
31
31
254
5
108
11
31
31
31
31
31
31
31
31
31
31
31
31
31
255
256
208
25
25
31
31
126
31
31
31
64
52
52
257
182
1
88
126
63
258
243
31
259
78
165
168
49
31
31
126
31
31
31
11
83
83
85
12
39
229
32
12
12
19
253
31
260
84
108
51
67
31
215
59
84
83
31
72
241
257
116
31
126
39
31
113
78
12
22
82
261
34
22
31
63
39
168
85
208
5
30
31
31
59
262
263
25
85
30
31
179
31
264
265
265
90
83
230
266
267
266
83
85
85
39
31
38
38
83
39
83
83
268
267
39
67
64
269
83
83
93
25
196
83
83
270
126
83
83
83
38
134
271
134
134
134
134
134
272
52
273
39
126
32
32
32
85
32
274
275
31
11
111
276
276
277
11
39
39
90
39
278
279
126
203
126
209
222
277
47
11
280
64
188
102
140
32
32
189
11
11
11
11
210
11
159
108
32
165
108
135
104
11
157
242
191
11
191
191
89
276
140
145
176
281
282
149
176
48
32
165
64
126
277
131
25
238
32
32
69
31
48
11
203
11
111
131
18
283
48
31
31
11
11
31
254
11
25
32
194
64
165
32
32
109
11
284
285
31
31
90
43
123
25
25
194
32
156
237
126
25
286
31
126
25
25
64
31
32
287
288
31
191
176
31
31
289
31
290
31
31
12
291
292
31
31
31
31
31
31
120
31
166
70
289
31
31
31
31
31
126
31
31
31
31
31
131
31
31
39
32
165
34
1
293
249
31
31
31
31
31
31
31
294
31
265
90
214
295
64
296
288
265
297
31
31
31
31
298
149
32
32
80
32
108
64
295
39
25
289
299
254
31
219
297
122
32
32
300
178
301
302
303
31
31
12
208
181
168
83
193
143
301
31
31
304
274
39
305
208
194
195
31
91
31
113
22
306
84
295
113
12
178
176
263
228
307
51
85
134
151
83
178
22
308
307
181
257
220
31
289
83
83
83
39
140
177
165
25
195
309
265
265
265
265
83
83
177
132
39
134
25
129
126
126
83
38
38
38
165
208
85
83
83
39
25
165
293
31
310
31
311
83
163
126
312
85
83
93
310
38
134
134
134
134
134
188
313
134
134
189
314
85
315
316
134
17
32
92
32
187
111
111
317
48
318
174
319
320
126
11
31
209
321
111
38
11
111
48
64
39
322
11
126
11
11
11
11
126
11
126
323
126
126
11
131
143
111
140
108
81
108
64
126
126
102
11
11
25
315
324
174
11
11
25
111
325
277
1
140
44
292
126
126
11
11
326
326
11
31
25
31
64
143
238
327
328
32
32
64
70
329
213
5
11
126
4
152
103
108
54
25
165
64
330
32
32
31
174
143
31
226
25
4
25
64
31
244
225
242
331
35
11
332
31
286
31
43
165
25
83
32
333
59
25
25
295
334
292
335
11
126
31
31
31
31
336
153
25
83
25
32
32
32
32
337
25
210
196
126
338
31
31
31
165
32
5
219
104
91
206
31
126
1
31
31
339
31
31
340
32
88
102
200
25
104
31
31
150
39
39
25
295
104
152
64
225
217
341
226
39
31
31
165
292
239
290
83
39
51
64
32
109
85
39
193
152
31
39
342
64
31
31
31
343
25
151
344
85
213
25
25
345
248
345
218
346
31
31
53
257
70
295
85
30
205
31
345
34
31
165
85
67
256
183
217
152
59
120
39
161
22
25
181
87
30
265
39
310
310
39
70
39
165
85
39
82
151
347
83
39
234
310
39
39
208
73
85
126
309
310
310
310
83
12
264
250
208
73
66
309
59
311
311
311
83
291
208
135
32
291
51
82
134
310
39
85
83
311
83
83
83
165
142
33
25
82
39
38
83
31
134
85
85
31
265
85
275
146
83
83
83
93
135
134
134
134
134
134
134
85
189
135
310
134
134
134
134
134
134
134
189
41
32
48
134
134
51
39
39
108
11
48
85
39
39
348
31
138
126
349
31
88
59
51
108
48
11
126
231
126
31
31
11
31
11
39
102
350
351
31
11
126
126
31
129
31
39
352
64
57
353
126
126
11
11
156
25
25
11
354
111
236
355
143
233
5
356
11
11
25
11
64
143
32
32
88
357
358
25
287
176
359
25
64
108
6
126
225
360
196
83
165
151
64
361
212
362
154
161
249
302
25
32
363
154
364
11
51
31
25
68
83
256
32
52
59
219
12
32
143
1
51
31
365
31
31
20
32
68
279
31
126
31
31
123
32
60
291
279
366
31
367
126
70
104
208
52
108
235
32
6
6
123
68
368
101
294
166
369
21
206
197
174
152
31
131
256
32
52
256
136
370
371
295
32
372
259
31
373
54
181
208
295
12
136
374
217
375
39
165
295
113
345
178
181
376
234
39
101
64
208
257
377
66
85
136
186
378
31
119
311
108
213
264
126
59
315
310
310
39
119
67
33
379
31
39
39
25
310
310
38
38
310
39
39
51
85
84
257
257
39
310
310
38
310
380
257
381
382
178
310
310
85
165
67
348
59
39
311
311
311
311
83
83
83
39
39
237
295
85
85
241
257
257
67
82
257
70
311
311
311
311
83
83
83
83
383
383
274
84
67
85
38
83
83
38
84
82
39
85
384
83
83
385
39
82
175
73
73
39
71
386
93
83
83
134
93
83
134
83
189
379
313
134
134
134
311
134
143
5
328
32
190
134
134
13
313
48
57
48
134
134
134
39
181
274
11
32
57
317
189
387
189
133
111
131
48
48
245
31
126
126
126
11
11
289
48
143
47
186
47
189
126
126
210
126
126
126
126
307
187
102
126
126
126
31
127
11
38
108
51
32
39
388
126
126
35
31
126
284
389
390
391
64
360
360
190
206
126
326
206
52
64
392
393
52
25
394
369
395
126
396
174
32
143
360
25
104
268
136
25
25
32
122
162
154
25
293
143
1
206
25
25
68
165
328
397
126
179
11
396
108
398
85
398
1
374
196
196
64
369
369
162
206
360
1
136
47
336
371
292
397
397
369
399
11
51
104
31
400
12
401
31
402
6
355
197
31
31
31
31
31
31
31
373
92
184
87
121
402
30
403
30
347
152
25
102
31
404
118
151
32
256
403
402
403
402
405
405
30
51
31
31
131
406
64
407
85
133
405
405
85
6
116
392
338
31
131
234
408
295
85
397
22
228
30
180
348
39
31
12
151
409
256
85
152
31
126
181
51
85
140
85
208
51
410
374
222
31
101
85
103
67
411
380
291
208
116
78
15
140
60
336
90
412
31
413
310
310
310
310
310
310
39
85
12
39
66
66
295
228
414
39
31
39
370
310
310
310
310
310
310
70
295
415
67
66
393
379
178
123
416
53
337
39
310
310
310
38
39
39
85
116
85
109
256
208
32
397
405
12
301
178
310
38
83
83
83
39
311
275
257
85
228
85
51
12
31
311
311
311
310
83
83
39
275
134
31
67
82
67
257
417
379
83
85
311
83
39
39
39
103
175
108
73
73
33
181
85
418
228
39
85
83
83
39
39
380
419
113
131
73
85
85
420
85
67
85
67
275
85
256
83
266
63
85
175
73
275
421
173
83
175
113
85
83
83
25
264
85
83
83
83
83
93
379
313
83
134
379
189
83
134
313
83
310
134
134
134
189
313
134
134
134
134
134
134
134
134
134
422
423
182
424
58
32
32
48
134
134
134
134
425
126
39
190
32
48
134
134
426
143
426
426
426
232
126
126
126
126
90
345
102
189
31
126
300
11
360
11
38
424
373
126
31
126
39
203
126
31
388
408
39
126
31
390
284
207
99
427
11
126
126
126
126
154
428
249
429
430
31
429
11
134
431
134
432
395
126
52
32
25
126
433
126
11
134
47
430
434
395
179
48
435
103
126
64
52
315
11
126
436
31
31
51
102
136
68
437
438
322
398
439
440
47
174
181
52
5
79
441
343
152
335
197
435
390
25
51
268
126
398
39
174
31
442
136
64
333
59
12
199
27
6
51
39
234
85
340
393
108
60
435
126
437
31
31
31
85
429
443
444
108
445
152
234
443
64
6
108
446
12
226
59
375
31
31
39
408
39
307
85
255
389
31
131
291
165
307
59
59
367
447
51
64
84
12
174
264
31
447
39
52
360
108
67
51
83
357
59
31
39
78
116
70
67
409
31
428
434
109
39
39
39
141
141
426
12
226
85
31
39
126
310
310
310
310
39
380
26
59
90
39
310
310
310
39
103
66
66
66
379
420
237
226
126
31
309
39
39
80
85
134
85
67
66
12
31
178
31
129
390
310
83
83
108
295
67
257
67
85
33
140
85
221
309
311
311
83
51
67
67
67
67
85
376
256
257
85
12
448
274
312
83
134
85
256
82
449
33
73
450
312
312
83
383
25
39
67
381
133
415
73
85
85
85
83
83
371
451
39
108
181
181
85
152
175
175
31
452
85
83
83
83
134
38
379
83
134
134
134
134
134
134
134
232
313
83
451
423
314
134
451
451
425
453
134
70
51
95
134
134
134
454
425
4
229
48
310
134
423
126
126
455
11
51
11
456
126
126
289
83
278
48
68
64
31
457
187
126
126
126
126
11
111
131
383
453
453
373
314
425
85
126
126
126
358
276
301
108
327
31
126
39
126
458
126
31
390
126
459
360
1
108
64
73
397
144
369
460
126
126
441
88
461
126
25
136
131
167
258
436
196
462
64
126
126
126
126
294
152
174
204
362
463
388
152
398
238
109
442
395
167
47
196
126
464
445
441
196
465
136
25
31
392
39
336
234
51
371
54
64
140
307
466
398
307
39
467
468
152
357
136
465
31
31
443
234
234
39
278
64
70
469
277
6
255
435
113
31
126
470
39
149
51
471
108
295
152
31
126
31
31
52
39
39
434
131
39
103
32
437
136
333
323
141
275
85
68
51
226
39
39
274
39
234
39
39
39
39
39
64
51
54
472
180
473
464
64
126
126
103
51
380
108
256
287
32
85
84
388
388
406
85
51
51
380
295
51
73
73
26
64
31
32
367
39
39
310
64
436
241
85
53
474
163
310
263
39
108
380
51
295
51
85
67
82
85
475
386
476
39
310
83
310
83
39
39
64
54
31
295
51
295
256
67
51
205
454
38
83
38
39
85
328
82
181
445
336
70
311
39
51
67
32
67
59
123
310
461
380
134
85
85
418
312
83
274
39
39
83
83
39
380
310
85
85
85
85
134
471
471
85
85
85
67
477
85
85
478
39
85
85
85
85
479
234
107
85
235
134
85
39
98
318
318
480
98
481
410
67
418
134
31
181
70
482
93
83
83
83
134
315
83
134
134
134
311
83
134
134
83
134
134
83
134
134
451
134
134
134
134
134
483
134
134
134
451
134
6
83
134
134
134
134
134
451
451
232
425
271
484
134
134
134
134
134
134
189
399
425
485
134
358
451
134
485
485
48
17
11
134
134
134
134
134
134
426
426
426
426
486
238
134
426
12
189
126
187
426
271
487
126
225
488
206
219
489
433
126
70
70
189
126
126
126
126
126
24
206
25
373
490
491
189
126
388
167
236
360
70
126
126
83
188
102
140
461
446
140
489
366
108
108
492
109
369
126
126
31
196
108
151
126
89
388
31
31
108
353
493
126
430
494
32
144
395
51
217
39
52
6
226
464
48
72
51
2
338
436
152
226
495
264
31
31
108
11
152
196
431
196
347
31
39
92
104
108
109
165
404
268
39
152
369
39
360
340
51
52
219
31
434
496
39
39
123
85
85
226
435
31
126
101
497
70
291
12
288
131
39
478
70
108
51
369
219
102
31
39
39
39
498
73
228
85
499
259
472
73
136
288
488
500
39
310
39
256
39
51
348
51
26
295
301
301
39
38
310
12
39
51
51
261
82
268
340
83
174
475
501
474
59
274
39
310
83
38
83
83
38
83
83
39
228
119
103
219
103
328
51
39
51
502
454
67
67
31
274
208
51
98
51
16
134
295
217
85
274
83
83
275
108
503
504
142
51
51
505
311
506
507
311
83
39
39
83
348
51
39
16
228
85
85
85
417
85
312
16
85
85
471
85
85
471
471
85
505
505
51
310
508
51
85
85
39
509
384
51
51
85
418
38
108
83
475
134
414
475
235
471
93
93
310
134
134
134
310
134
83
134
134
134
134
134
134
134
134
134
134
93
134
134
27
310
310
93
134
134
134
83
134
134
134
134
83
134
134
83
134
134
426
426
485
134
451
134
189
426
379
271
17
486
134
387
189
510
393
134
387
425
485
134
134
134
134
134
134
134
134
271
511
32
451
70
485
189
189
268
510
48
182
271
47
189
487
154
31
102
268
105
109
126
31
275
453
466
11
492
11
136
144
238
70
70
512
126
513
1
514
238
417
260
144
126
464
294
494
197
1
494
335
283
70
31
126
206
515
399
98
454
516
517
428
126
512
518
381
519
219
126
31
434
354
464
464
85
442
123
520
31
126
152
340
31
126
178
434
346
144
103
5
367
85
521
11
416
369
319
227
522
98
51
523
338
47
167
524
281
39
268
103
64
108
6
213
434
39
52
142
52
108
462
108
523
6
525
507
201
47
517
219
526
51
446
52
31
375
196
51
226
527
31
31
39
144
116
261
1
528
343
343
404
39
436
471
84
306
473
31
39
39
317
471
344
102
226
31
39
51
506
529
404
530
201
416
447
39
85
380
445
59
53
310
228
103
51
78
39
517
51
179
39
310
310
310
85
340
495
196
196
380
269
226
310
83
39
85
271
103
531
51
328
228
380
380
85
417
59
59
83
83
274
531
290
39
532
39
67
533
414
310
83
85
316
51
534
67
67
67
67
134
85
70
385
310
103
51
51
85
344
133
39
85
340
85
85
85
535
328
85
85
85
85
471
85
51
310
310
536
537
1
98
98
535
102
1
98
538
517
539
145
85
38
310
85
235
39
16
540
340
226
85
509
541
542
534
16
134
235
226
543
85
83
83
226
328
219
83
134
83
134
134
134
93
134
134
134
387
426
134
83
134
93
134
134
83
115
93
93
390
388
134
134
485
425
189
134
83
134
134
83
134
544
511
394
146
152
486
486
486
134
423
545
511
511
425
511
486
486
285
134
189
484
546
57
486
202
547
271
425
425
312
80
548
202
189
271
383
381
189
126
126
126
126
11
393
12
313
487
189
370
57
549
550
547
189
126
31
126
209
11
79
1
102
551
552
143
268
189
485
511
553
126
31
126
469
140
381
3
271
415
98
489
126
31
126
322
11
136
453
378
126
554
126
392
451
52
240
144
555
294
126
152
152
294
393
335
64
144
553
388
170
458
89
226
89
118
109
126
126
126
126
204
238
64
556
557
11
156
126
31
464
558
247
268
108
52
489
410
430
31
496
559
64
64
126
560
340
263
64
6
196
31
478
238
103
52
405
123
70
174
561
39
123
109
369
393
126
11
152
562
39
255
52
228
226
113
308
123
21
340
85
369
398
563
51
527
398
564
39
98
556
556
462
526
268
39
116
504
255
126
39
478
39
103
108
410
405
465
565
478
39
51
235
393
417
123
429
144
524
367
39
123
51
165
39
39
52
414
51
39
430
98
478
219
200
386
38
83
51
39
73
109
142
201
544
226
310
38
38
83
83
83
83
83
83
310
135
340
85
316
51
108
393
310
83
93
93
70
196
380
85
53
83
83
103
39
274
70
566
415
533
418
398
83
39
316
196
113
85
516
509
98
384
384
567
568
480
94
569
85
39
235
537
318
570
384
98
548
430
39
85
417
504
100
85
70
83
83
475
305
235
235
235
328
305
108
328
517
134
451
134
451
134
451
524
134
134
134
134
134
311
451
451
134
426
232
134
134
83
571
83
134
426
232
426
189
134
134
388
139
134
134
134
134
83
134
134
484
183
486
39
238
572
189
189
189
2
485
430
12
182
40
275
484
254
573
381
98
268
60
32
136
189
485
70
126
236
574
575
504
126
370
154
47
144
51
307
415
555
202
394
322
322
576
102
514
102
238
577
126
360
522
238
384
52
578
126
579
136
522
268
103
580
581
517
126
455
111
197
144
406
517
219
126
332
126
126
561
126
89
226
406
247
118
52
555
381
442
126
430
196
126
513
518
582
495
406
227
103
381
415
369
219
126
164
554
215
219
52
51
109
369
123
126
196
430
164
496
478
489
556
52
64
556
108
405
268
126
31
556
556
583
268
381
19
196
126
478
140
167
478
39
39
584
337
167
174
585
126
219
236
406
123
416
581
360
525
109
108
126
205
562
21
51
525
98
47
432
21
462
464
31
83
39
108
525
583
70
268
524
228
85
152
131
123
556
471
222
586
478
478
531
52
226
39
98
165
189
39
1
1
11
226
174
31
367
39
219
564
1
226
367
587
310
134
415
38
394
367
141
85
227
310
374
550
226
39
83
83
83
93
83
83
84
39
219
588
475
39
310
83
93
93
93
93
93
83
85
39
39
85
70
108
83
83
83
135
379
274
312
474
444
310
83
83
39
39
564
567
537
312
312
310
311
310
310
228
589
384
384
480
509
384
384
537
384
98
480
98
98
384
146
98
406
274
311
274
39
384
590
481
535
98
591
592
593
98
328
51
594
306
542
274
556
503
196
51
108
305
85
595
93
93
93
451
134
134
93
93
134
93
83
134
134
83
134
134
451
310
524
93
596
134
134
134
93
451
310
93
83
134
93
388
134
426
134
93
271
68
484
597
134
451
598
511
599
183
102
600
93
83
451
32
187
486
601
189
485
602
603
604
605
27
271
396
552
328
328
606
176
607
70
70
426
328
70
271
485
511
255
25
231
606
275
190
189
357
457
486
268
511
430
143
275
102
260
118
485
313
553
202
321
321
307
268
493
513
430
432
438
294
143
321
360
373
406
559
388
202
126
432
430
434
360
47
102
608
609
610
103
381
108
70
430
126
126
455
39
429
450
556
406
103
52
51
519
126
430
430
430
126
126
430
432
31
111
219
39
478
556
517
52
557
611
126
126
394
281
340
340
556
557
369
468
381
219
126
126
126
395
126
585
131
281
145
140
145
70
126
126
585
126
254
32
213
109
170
85
406
611
612
226
12
255
70
167
167
196
382
322
537
167
341
281
585
364
613
556
278
415
173
456
4
549
139
614
615
565
583
139
53
308
381
556
52
556
226
226
616
152
31
172
126
565
274
21
152
528
254
116
255
340
222
226
174
394
226
616
31
116
583
617
310
340
295
1
39
478
274
39
85
344
618
83
288
288
136
347
226
226
226
226
478
141
274
344
200
111
374
200
226
53
83
310
135
70
219
70
384
70
507
136
217
85
83
93
478
379
70
404
228
254
386
226
274
38
93
93
93
93
93
548
619
620
446
310
312
310
39
85
85
567
205
310
310
310
39
70
384
384
384
590
311
310
310
311
305
312
39
70
418
548
85
328
196
85
505
621
85
622
508
468
93
85
623
624
625
47
311
505
471
134
451
451
134
93
93
93
134
83
83
93
134
83
83
93
134
134
426
426
379
271
426
271
83
451
271
426
423
83
271
271
70
271
191
560
202
70
626
627
626
43
145
628
238
189
124
453
453
602
486
351
271
126
134
134
423
487
182
429
629
577
12
189
430
577
182
485
70
189
70
227
154
219
365
238
108
5
126
430
394
275
610
144
12
165
430
360
514
1
318
391
518
1
608
630
140
85
109
140
631
537
89
254
632
360
361
108
463
126
633
126
430
430
430
11
170
94
634
102
328
85
201
126
436
432
431
556
260
278
517
557
109
416
394
353
635
50
31
297
59
564
1
85
517
109
109
468
98
430
226
636
131
564
564
118
468
468
468
126
126
11
581
173
173
123
126
406
126
31
636
228
637
109
253
97
638
639
123
633
126
548
640
39
489
6
5
641
123
123
123
526
478
462
642
300
394
373
301
254
478
39
643
274
47
47
644
616
394
448
255
340
52
1
281
47
471
51
102
281
281
200
645
281
226
646
39
647
648
86
649
200
200
288
217
39
478
534
471
344
418
256
200
304
226
226
83
123
228
84
98
310
152
53
83
85
70
70
310
226
226
312
83
83
93
83
83
83
93
26
98
384
134
200
310
93
93
93
93
93
93
93
548
292
310
228
83
83
478
39
85
98
38
310
38
39
85
85
310
569
310
311
39
134
328
51
311
310
310
51
85
226
85
39
83
39
650
85
85
386
475
85
39
548
83
475
625
328
478
108
508
534
451
83
451
134
93
134
93
83
134
93
83
93
83
93
93
93
93
93
134
134
311
426
426
426
310
384
310
310
426
271
68
426
123
426
83
83
387
485
425
486
93
271
167
154
271
484
511
271
154
487
136
219
70
189
430
204
469
651
238
549
189
549
430
577
126
401
226
652
553
98
515
653
1
654
489
430
126
564
251
205
1
1
381
463
381
430
59
59
126
126
564
655
99
656
148
148
657
148
102
321
126
126
585
391
430
139
384
658
102
85
126
564
500
430
108
51
659
268
517
226
126
430
430
360
226
660
142
123
139
562
661
226
662
663
47
47
126
132
131
664
126
665
453
557
235
126
430
126
239
140
290
196
430
666
140
275
73
34
195
31
204
39
534
667
39
226
123
47
434
668
39
406
471
505
281
650
478
145
669
281
47
51
650
123
39
274
219
461
226
136
471
471
542
200
200
200
226
136
200
650
274
342
471
200
301
670
312
385
301
85
538
83
671
672
673
293
186
301
301
217
83
83
38
134
135
379
310
145
93
93
93
93
39
39
85
85
292
478
85
311
310
39
328
328
311
97
526
613
563
70
228
85
508
320
51
310
93
451
93
93
93
83
83
83
83
93
271
93
93
83
93
83
83
134
83
134
21
189
93
654
426
426
426
83
93
93
93
83
426
183
93
93
83
134
189
485
485
313
182
124
674
425
425
560
238
83
83
189
426
189
599
627
83
83
70
387
313
484
313
167
283
219
271
12
123
271
70
11
154
188
596
675
485
167
651
283
431
187
12
5
484
485
227
204
398
247
381
268
669
484
5
268
126
430
126
111
676
98
352
70
554
524
321
275
514
68
430
99
381
126
430
430
102
102
318
677
126
47
52
608
678
372
1
1
140
102
102
570
679
144
147
126
31
653
136
1
680
456
681
432
430
682
514
102
683
386
430
572
684
102
1
446
140
47
47
685
102
492
634
430
341
145
686
59
281
687
145
43
173
430
499
430
686
517
583
195
430
572
524
603
415
228
254
340
275
246
176
47
254
227
394
226
664
254
579
6
255
5
357
47
406
200
136
478
478
189
219
686
688
281
136
385
689
39
70
70
539
292
145
281
200
550
136
136
226
226
200
39
340
60
70
85
200
200
226
690
72
70
471
612
471
70
119
310
252
83
85
70
83
93
83
83
83
93
83
93
93
93
12
475
93
93
93
93
93
93
93
691
691
328
328
328
691
328
328
227
93
310
85
85
85
691
691
691
328
691
328
691
691
328
691
691
692
328
328
691
328
328
328
328
235
328
51
328
38
38
691
691
691
691
328
328
328
691
328
328
691
39
328
328
328
328
693
310
310
39
694
691
328
328
328
695
328
328
328
328
328
534
70
691
691
696
328
328
328
328
328
328
328
328
595
311
697
328
698
328
328
328
39
39
134
471
85
671
328
697
415
328
454
699
647
70
471
93
83
83
83
426
93
93
93
83
83
83
93
83
93
83
83
271
310
83
426
425
83
425
189
487
700
387
12
182
387
426
701
485
511
511
485
83
313
12
441
134
83
83
511
485
701
511
425
313
189
271
283
70
169
189
485
70
189
485
227
189
48
430
178
238
134
5
702
511
189
70
189
428
430
703
704
219
183
70
271
425
425
705
195
560
238
511
255
189
126
126
706
53
432
381
70
381
70
126
283
707
707
361
708
559
329
475
126
494
144
709
227
710
430
430
196
126
275
504
711
430
126
712
401
551
713
47
318
226
714
709
359
1
146
715
716
98
102
711
140
450
717
619
51
102
102
580
47
47
335
427
102
509
480
102
228
679
580
12
489
468
429
718
357
5
182
12
12
116
719
393
47
281
645
5
123
5
12
123
12
12
123
123
5
12
5
195
639
581
384
720
12
681
5
5
5
5
5
2
43
5
5
5
5
5
430
430
478
712
43
43
5
5
5
40
43
43
43
43
43
40
43
178
126
721
430
283
617
5
43
43
43
43
43
12
40
40
5
43
43
43
43
43
43
140
318
43
43
43
43
43
184
524
430
43
596
53
565
386
340
167
722
595
108
340
146
217
226
254
254
254
226
340
40
226
200
200
500
689
12
281
224
689
385
650
226
186
226
650
226
501
340
228
310
288
226
200
226
47
228
123
226
474
39
70
288
53
70
379
83
83
723
152
301
691
691
328
226
83
93
93
93
93
93
406
85
357
691
691
328
328
724
328
328
328
328
725
328
328
328
328
93
691
691
691
691
328
328
328
328
328
692
328
328
328
328
328
328
726
696
328
694
85
85
686
328
691
328
727
328
328
328
328
328
697
328
728
328
328
85
328
328
328
696
328
328
328
328
328
328
328
39
699
688
328
328
328
328
39
729
310
328
328
328
328
328
328
311
310
477
70
85
730
311
70
340
686
563
85
649
581
508
647
417
83
83
83
83
83
83
83
83
83
219
83
83
219
83
83
83
255
93
451
83
83
731
219
425
219
219
387
271
83
83
255
12
732
425
93
83
83
189
255
219
189
189
189
189
70
271
733
426
189
426
189
189
426
219
189
189
511
11
83
189
189
189
70
189
189
485
734
425
5
425
425
734
484
40
735
12
189
350
238
93
189
169
426
271
232
271
329
704
189
227
189
189
182
329
189
189
134
134
70
426
702
314
314
189
189
189
189
189
70
189
704
189
204
154
154
736
283
431
300
182
189
255
183
425
12
12
511
189
312
283
737
70
189
738
12
189
739
189
126
53
606
219
511
314
740
425
227
417
126
511
381
430
430
195
708
102
430
641
275
580
296
518
741
430
713
47
731
504
281
51
192
102
102
102
564
619
102
537
148
430
226
1
335
1
717
657
517
639
182
12
123
182
430
251
251
601
102
581
102
509
509
12
123
255
12
12
12
12
12
4
12
12
3
5
255
5
12
12
12
12
5
116
12
12
596
139
102
102
102
145
145
12
5
255
116
12
12
12
12
12
123
535
446
440
70
12
5
5
5
255
5
5
124
5
123
12
12
12
12
3
3
4
694
736
145
5
5
5
5
12
5
5
116
5
21
255
116
5
5
393
126
596
236
742
124
43
43
21
313
2
5
12
126
549
40
43
43
40
43
21
43
40
40
40
152
430
328
492
743
386
744
745
746
40
40
5
677
145
409
154
39
524
745
174
328
207
318
226
226
176
616
496
747
535
535
166
672
204
340
537
590
182
748
31
226
184
509
384
627
749
255
226
281
281
586
386
340
406
74
415
226
226
186
530
226
478
340
471
219
186
186
53
367
70
70
386
39
727
394
595
475
93
93
85
328
536
51
93
93
83
310
328
328
83
311
85
328
328
692
328
328
328
328
750
310
83
85
70
70
310
328
328
328
328
328
751
328
85
328
328
328
328
328
328
134
328
328
311
39
687
328
752
328
328
328
328
328
417
328
85
70
134
85
471
753
70
85
83
83
93
83
310
83
83
83
83
83
93
93
83
93
93
83
38
83
83
83
83
83
83
83
93
83
83
93
93
93
310
83
83
83
83
83
93
426
219
754
426
426
426
426
123
2
271
755
654
426
83
83
189
219
70
387
70
189
182
756
12
601
313
189
756
704
189
189
426
189
426
271
757
227
426
70
189
511
313
238
189
70
189
426
169
189
430
283
758
70
511
430
238
451
426
485
737
430
759
453
737
616
760
485
425
761
762
763
764
381
765
182
70
313
12
766
70
341
126
275
416
381
767
70
585
430
678
322
430
430
667
430
712
321
768
769
360
639
144
489
281
281
322
47
504
608
770
769
98
514
102
98
102
102
102
102
720
47
102
102
639
52
327
415
430
126
154
102
716
102
102
102
182
70
12
12
12
182
123
489
461
47
102
102
102
384
145
12
182
12
116
12
12
12
393
98
390
357
102
12
12
12
116
5
126
430
281
528
192
581
771
147
12
5
126
126
632
31
136
226
490
491
491
146
12
5
116
116
123
12
12
100
178
31
703
736
430
736
556
762
70
5
5
12
12
772
59
386
5
70
40
5
5
5
773
5
12
21
70
12
2
3
21
746
5
745
11
430
226
200
12
2
5
12
53
226
745
53
774
689
581
1
255
564
152
226
226
586
523
775
226
226
226
226
226
776
308
226
226
226
391
217
474
386
478
453
123
226
217
226
420
136
475
183
281
178
474
227
777
650
778
39
39
97
165
778
779
53
367
386
83
136
394
650
715
39
425
780
781
782
83
39
613
783
328
784
93
93
83
310
328
134
328
623
328
727
83
328
751
328
328
328
328
328
328
328
328
328
328
699
310
328
328
328
581
328
328
328
328
697
703
134
70
328
785
517
456
613
753
70
786
93
93
93
83
83
93
93
83
387
426
232
754
787
781
788
654
789
93
134
790
791
189
485
255
70
387
189
735
627
792
134
134
238
238
238
238
547
134
189
430
451
426
70
189
485
385
97
189
189
651
103
283
793
794
760
777
70
271
70
326
795
430
606
453
637
637
796
796
764
797
451
798
569
485
381
126
85
767
126
434
451
634
769
195
1
145
47
576
1
102
145
384
564
713
715
102
799
102
267
705
639
102
384
102
100
51
255
123
255
70
123
12
12
255
12
489
430
800
492
394
47
576
801
102
802
639
12
803
70
12
12
70
12
12
12
12
720
639
517
720
70
182
182
12
123
543
804
430
192
805
5
70
255
70
12
543
806
807
808
685
70
351
12
12
70
12
255
182
662
145
809
182
12
12
116
5
12
12
12
415
189
226
586
386
5
116
5
5
5
12
116
21
12
144
592
136
116
5
524
810
226
581
5
70
126
116
524
226
226
3
40
31
254
12
85
85
281
252
31
715
715
217
475
70
31
528
226
136
217
226
136
386
386
123
811
474
340
228
281
136
474
474
474
386
727
226
226
623
111
386
340
70
123
200
474
308
123
123
226
782
699
406
70
228
543
812
813
83
478
39
85
85
83
85
85
471
814
328
39
691
691
328
328
328
83
85
328
328
328
328
328
477
269
85
85
328
328
328
328
328
328
815
328
328
328
328
328
328
328
310
311
521
328
328
697
417
234
328
328
752
328
328
622
70
311
70
425
533
134
70
70
311
801
189
189
219
135
271
189
189
816
70
817
781
755
182
271
311
134
134
182
735
485
329
484
451
189
189
818
793
238
806
361
451
451
134
134
134
227
819
308
238
238
354
396
486
820
793
453
760
134
451
821
351
12
70
189
572
737
793
381
381
767
189
584
589
796
802
822
504
430
47
281
322
282
282
134
456
322
322
47
481
381
430
394
712
576
639
504
823
568
397
1
639
509
802
384
140
47
586
226
802
102
639
824
712
394
393
586
641
825
70
70
70
183
70
70
826
47
535
123
70
12
70
12
70
219
827
825
586
586
828
720
328
393
123
123
255
255
255
517
829
285
576
830
802
328
12
12
255
255
182
12
12
742
301
145
12
12
12
5
12
255
12
509
79
226
281
685
12
12
12
21
12
12
53
680
226
684
318
116
694
712
145
145
123
281
646
625
831
781
3
27
106
12
98
254
226
288
832
550
12
3
386
394
201
226
40
169
85
607
475
226
200
661
743
650
200
12
772
70
200
226
152
833
715
12
12
12
70
70
226
829
226
226
581
386
386
85
226
834
288
85
51
260
219
219
835
226
780
53
123
123
836
304
226
53
123
70
123
123
123
123
694
406
543
725
85
812
478
406
85
70
725
83
83
93
93
93
85
70
625
328
328
837
328
83
417
8
328
328
328
328
38
269
310
328
328
328
85
328
328
328
328
328
697
328
310
310
311
505
838
328
328
328
328
311
328
839
839
452
526
70
70
381
379
313
70
70
255
182
38
189
189
674
654
731
787
755
840
144
484
511
189
281
123
841
134
134
842
426
843
737
12
426
328
98
70
70
606
587
794
11
134
134
311
182
381
381
189
842
381
281
844
192
683
845
328
381
489
489
430
430
281
712
98
801
802
608
456
457
318
235
655
360
102
537
146
535
712
830
732
384
275
47
846
705
146
255
123
70
425
183
255
70
772
70
123
847
430
195
586
721
140
40
70
255
12
70
70
183
70
183
255
123
183
685
145
674
183
123
70
12
183
70
126
430
430
586
645
226
624
116
182
182
12
70
136
182
12
12
12
567
478
842
12
226
226
394
12
116
12
430
848
721
650
328
5
5
12
2
12
474
226
136
146
21
849
850
40
5
116
5
288
829
21
27
174
333
288
226
836
851
226
810
226
662
852
31
835
216
226
70
70
226
226
226
721
226
226
852
852
386
189
12
689
226
226
474
386
386
474
853
226
226
854
288
386
226
123
123
116
123
219
123
123
855
406
856
857
858
858
859
478
814
860
783
543
39
860
814
783
622
861
725
725
862
328
862
83
93
471
863
725
862
328
864
328
865
93
83
93
83
783
622
863
622
83
134
521
328
328
328
866
328
328
310
85
38
328
328
328
134
38
269
417
471
328
328
328
328
310
697
328
867
310
70
328
328
85
85
70
328
868
697
697
697
311
311
70
328
328
85
70
869
134
85
85
298
381
51
70
70
870
134
871
70
189
423
641
70
38
790
649
733
793
393
189
189
872
535
255
219
219
873
189
70
543
350
308
874
511
843
219
875
703
713
226
271
255
486
759
134
360
769
308
680
638
150
876
489
656
134
134
535
456
877
878
430
606
134
134
134
134
608
640
739
430
656
134
134
134
134
102
227
683
639
641
430
656
879
251
134
134
564
491
144
394
880
47
1
799
327
484
183
219
183
126
616
881
586
183
183
70
70
123
772
123
70
425
183
255
70
70
183
425
70
489
480
146
57
509
882
70
70
70
70
70
425
384
430
254
254
564
85
883
70
70
12
183
12
784
884
12
255
829
255
123
255
885
12
12
12
123
886
546
5
12
219
384
5
5
2
3
219
219
219
70
70
5
116
887
5
116
27
70
219
70
2
255
116
226
226
40
40
40
5
12
694
689
689
301
3
40
21
70
385
689
226
226
226
2
888
200
889
889
301
888
226
226
743
743
301
844
226
301
200
226
216
226
781
588
288
720
70
70
70
70
200
226
226
226
386
255
70
123
226
219
890
417
51
123
219
123
70
691
863
814
814
622
857
857
623
862
281
814
814
891
623
623
892
623
623
543
814
783
863
861
863
622
622
622
893
894
543
543
610
895
622
622
814
814
858
857
622
863
622
622
862
725
543
543
610
543
543
543
896
897
83
93
93
83
622
857
622
622
622
622
622
622
860
328
858
858
783
863
898
83
83
83
298
134
863
38
83
142
310
328
328
866
381
688
838
328
328
697
697
328
328
328
328
697
697
328
838
328
328
328
328
328
328
697
310
311
311
134
328
767
699
839
70
311
227
423
70
511
271
426
189
426
321
641
393
649
764
551
134
150
514
134
639
485
656
335
584
226
70
219
280
103
708
238
737
219
219
489
308
899
758
504
227
327
767
900
260
656
192
568
481
802
327
539
489
569
901
430
731
281
576
318
720
98
882
902
140
509
903
385
134
134
904
271
70
70
271
271
271
70
328
811
134
145
581
70
271
219
70
219
134
905
906
70
70
425
70
70
425
183
70
425
255
70
70
425
70
255
430
906
255
70
772
587
226
394
12
255
12
12
301
116
123
856
357
886
255
53
5
255
3
12
384
907
182
12
226
288
226
226
40
27
5
5
5
908
740
116
909
226
910
200
200
40
3
5
12
3
5
226
226
836
226
226
252
5
200
226
200
70
911
650
189
912
913
189
70
182
53
226
226
189
281
588
624
271
119
123
851
136
863
891
226
914
219
219
219
219
814
861
861
814
622
855
227
219
219
219
891
891
861
328
623
894
893
814
891
891
894
861
915
814
858
623
893
581
543
860
622
891
891
622
862
916
891
916
860
543
917
543
543
543
916
83
38
83
478
891
891
622
863
918
543
916
543
543
861
861
919
915
915
916
543
916
622
920
328
83
861
861
862
543
543
83
83
70
861
863
862
921
134
915
623
623
623
623
697
417
310
134
697
328
328
697
697
328
697
85
623
328
697
328
697
697
697
134
83
134
134
328
697
697
697
697
697
134
697
697
697
697
310
70
454
697
311
70
85
839
85
85
70
70
379
485
189
232
189
426
922
791
426
387
426
426
271
426
387
426
426
387
189
732
10
202
468
271
189
189
451
150
872
484
758
189
219
704
835
349
350
715
70
271
142
630
630
515
630
584
426
584
70
328
551
134
619
271
70
511
322
802
102
328
219
70
308
568
489
923
873
810
416
767
924
804
430
83
1
102
568
489
678
776
572
394
925
145
226
1
226
804
911
70
70
425
70
271
70
70
271
70
271
271
271
271
226
393
535
226
271
219
255
70
70
70
70
219
425
219
425
679
480
254
723
384
70
183
70
70
70
425
70
136
255
183
183
70
70
641
136
70
183
425
226
645
689
255
182
70
70
183
749
12
116
182
182
70
475
217
148
886
116
182
70
182
219
70
226
226
12
12
710
252
217
743
21
12
12
926
226
927
854
386
743
21
123
415
928
226
781
226
7
226
200
226
106
5
21
123
219
219
219
219
70
219
70
116
5
182
5
219
219
123
182
328
328
929
588
226
226
226
7
328
930
931
896
328
328
328
692
929
932
386
727
189
189
697
623
697
623
623
189
189
487
189
442
814
814
933
543
933
895
226
226
226
474
557
227
328
783
623
623
623
623
933
933
623
727
103
123
863
893
894
934
697
200
235
219
851
219
891
891
623
623
623
894
935
623
623
936
623
919
226
200
227
227
219
135
891
891
894
891
915
918
894
937
913
623
937
913
697
935
938
933
692
226
340
623
939
543
940
941
697
938
623
913
623
478
417
942
622
893
893
623
543
543
543
943
543
543
944
543
310
310
894
622
622
622
862
919
862
945
692
623
862
946
543
543
543
417
83
83
919
622
623
623
623
893
919
913
543
543
543
543
649
649
502
861
913
622
919
543
868
83
311
134
134
134
83
839
623
623
623
942
820
134
83
134
134
134
134
134
257
945
623
623
697
697
451
134
134
451
83
83
310
134
134
134
134
134
134
134
134
134
134
134
134
134
134
697
134
134
134
134
134
134
134
134
134
134
134
134
134
134
134
697
134
134
134
134
134
134
134
134
451
134
134
328
697
134
134
134
134
697
134
134
134
70
134
134
134
134
85
641
426
387
426
426
426
947
948
949
886
835
762
950
514
700
790
809
511
485
951
952
762
953
764
604
764
545
755
189
886
739
739
835
764
70
764
954
396
271
485
955
226
630
630
630
630
630
630
630
709
102
543
630
630
630
639
85
843
494
417
533
274
484
708
956
481
47
318
52
712
776
134
83
226
226
760
226
271
703
195
853
226
255
70
271
70
425
884
425
425
425
425
425
70
70
70
425
70
255
70
737
678
957
70
70
219
70
425
757
737
439
183
425
219
70
70
134
328
5
123
183
70
219
219
219
219
183
70
430
641
70
484
70
226
70
219
810
182
219
255
123
12
134
12
70
296
296
255
958
886
116
959
959
852
474
475
12
123
2
123
328
204
226
630
12
123
942
328
623
385
946
226
200
574
116
2
116
70
960
960
960
960
960
960
960
960
961
893
328
920
933
933
328
697
697
962
385
385
385
835
226
189
913
189
12
960
189
189
960
189
623
931
385
226
889
386
960
189
189
189
70
189
219
255
189
960
189
963
189
189
935
697
933
543
385
226
189
189
70
255
70
135
189
19
963
963
891
623
543
200
588
929
70
442
791
818
487
423
818
189
219
219
915
961
385
964
226
417
189
379
891
965
935
893
835
200
226
588
966
599
219
894
893
697
908
860
329
311
310
219
893
893
967
543
938
543
385
968
581
311
311
311
311
893
934
942
622
623
543
543
478
310
311
311
311
311
310
786
311
310
893
83
969
311
548
893
622
893
622
893
942
919
893
623
581
65
581
970
971
623
893
622
623
451
269
134
311
623
623
622
972
623
451
451
451
311
311
134
730
839
311
913
623
543
543
543
623
134
134
134
623
134
134
134
311
134
730
839
839
839
697
697
134
134
134
134
134
134
418
839
310
311
134
51
451
134
134
134
134
451
451
310
134
134
451
548
134
134
134
134
451
85
134
134
134
451
134
451
421
973
974
426
313
271
504
922
485
271
426
426
425
425
975
762
929
922
835
976
226
952
604
835
977
272
805
816
485
886
978
948
739
844
450
955
955
732
567
509
145
484
484
182
835
979
948
980
848
503
361
189
739
981
982
764
883
983
707
504
805
673
630
630
143
769
984
580
948
630
630
634
979
611
360
451
564
384
489
949
102
985
627
308
680
842
384
189
986
708
668
535
987
98
271
737
504
776
776
776
450
641
535
877
630
661
226
226
478
564
226
271
255
98
535
641
425
425
425
478
616
425
70
219
430
685
70
70
778
425
425
425
425
219
219
425
183
183
425
219
12
487
70
183
3
226
743
123
255
219
425
183
70
988
70
989
990
226
70
12
70
475
844
230
972
623
936
991
183
40
2
12
12
961
474
474
852
474
226
226
991
543
691
226
70
70
189
960
182
123
697
992
328
385
543
189
189
189
189
189
12
189
543
328
972
944
385
385
216
226
787
219
12
189
189
189
189
189
189
189
189
189
960
182
623
939
968
623
623
961
689
385
689
226
226
226
288
888
386
960
189
189
255
27
993
623
623
968
623
623
935
385
385
635
682
226
963
70
219
255
255
963
963
963
919
919
689
935
961
697
961
961
946
385
972
200
226
226
947
226
226
963
818
189
219
189
189
961
623
919
933
933
938
385
385
226
994
227
227
182
70
745
70
745
70
219
894
894
896
933
933
697
697
935
385
689
200
301
942
649
937
310
310
893
995
697
938
935
944
689
385
689
385
475
200
942
543
102
311
310
310
310
310
310
310
893
935
622
385
944
779
329
340
311
311
622
893
543
689
992
958
689
689
623
996
689
997
399
340
998
893
543
385
543
385
968
942
992
961
969
622
543
938
311
418
933
968
992
944
451
134
310
839
310
85
134
310
83
83
134
623
134
134
451
839
310
451
451
451
451
451
451
451
694
134
134
451
134
311
134
134
699
134
134
699
699
148
699
451
999
387
425
425
426
425
426
387
426
189
426
189
271
271
426
886
1000
791
426
952
426
1001
183
739
535
1002
426
183
511
604
652
977
948
226
226
673
150
1003
1004
99
189
511
189
762
182
788
533
788
641
739
689
739
689
584
641
984
417
504
731
251
784
1005
630
1006
630
322
883
801
509
1007
456
805
977
1006
820
1008
1009
680
680
275
360
846
639
1010
616
384
504
308
308
1011
638
227
308
308
417
314
982
226
98
626
219
308
737
430
308
134
451
988
387
19
387
12
219
308
962
255
219
255
219
219
219
219
442
219
318
1012
313
219
219
219
572
430
136
70
255
70
271
810
393
1013
764
217
70
70
4
271
430
810
219
219
182
425
425
735
1014
226
145
219
219
70
425
909
425
824
226
678
226
145
425
425
835
182
425
12
70
5
2
961
795
813
475
623
961
961
811
226
1015
1016
217
189
189
935
937
328
935
961
961
226
226
12
12
386
935
689
935
935
689
689
961
226
226
993
255
189
623
972
385
689
1017
1018
216
996
116
189
933
543
996
385
996
623
226
474
960
123
12
219
960
960
123
963
963
996
689
385
200
226
386
963
963
40
189
913
935
697
996
1019
689
726
385
689
586
219
745
745
745
966
745
745
745
745
745
543
893
226
226
200
502
417
745
745
745
745
745
745
1020
689
226
588
83
884
893
1021
385
385
966
310
310
1022
942
893
385
385
385
227
385
385
385
689
385
689
689
689
689
689
689
348
385
689
689
689
689
689
689
689
1023
968
623
938
961
961
972
961
935
935
134
310
83
134
418
548
311
83
134
543
83
451
134
310
134
451
134
451
134
1024
134
451
425
426
12
738
426
426
425
425
922
425
1025
426
766
425
886
762
976
1026
1026
426
426
1027
739
634
711
1026
1028
40
40
952
952
509
1029
511
484
511
313
886
720
1030
1031
844
619
804
984
790
227
479
1032
511
835
1033
1034
950
982
150
509
1035
351
226
480
801
805
764
711
1036
950
630
393
393
662
1037
630
1038
590
494
630
1009
883
731
781
37
1011
1039
312
809
809
809
806
827
552
776
644
641
731
98
1040
776
1012
638
393
19
1041
1042
357
442
442
219
387
219
567
775
1043
70
70
70
313
1044
384
219
810
537
226
511
810
810
810
810
810
810
226
425
1039
810
810
810
810
805
810
425
425
810
810
810
810
931
271
70
182
425
425
425
810
810
564
70
70
425
425
1045
183
425
425
70
425
425
226
425
227
425
255
543
183
5
40
425
70
440
226
668
226
475
182
189
189
189
12
70
543
972
430
217
226
189
385
385
961
898
226
226
386
70
1046
227
581
226
226
1047
963
189
901
901
226
430
386
12
963
993
200
260
875
689
971
385
901
640
631
226
226
226
226
960
255
960
1048
1048
1048
1048
1048
1048
1048
1048
1048
116
27
219
219
255
219
255
993
385
65
385
65
676
737
733
200
813
1048
1048
1048
1048
1048
1048
1049
1048
1048
1049
1049
1049
1049
1049
1049
1049
1049
1048
1048
385
385
278
1050
200
745
1048
1048
1051
966
1051
1051
1051
1051
1051
1051
1051
966
966
1049
1049
1051
966
966
1051
1051
1049
1051
1049
219
726
637
1052
385
680
83
649
767
1053
1051
1051
1051
1051
1051
1051
1051
1051
1051
841
200
884
417
328
226
689
689
310
689
689
613
689
689
962
689
689
340
689
689
901
689
689
689
689
688
689
134
581
134
134
699
134
134
451
871
426
451
40
2
219
219
955
835
952
509
1054
886
844
886
219
21
844
535
1000
1012
219
844
813
784
511
484
733
584
1055
1012
484
994
868
950
848
764
801
1056
1057
732
788
384
1046
511
784
1033
1058
1059
950
1060
983
1061
509
948
950
1062
1063
1064
639
952
1065
630
393
393
616
581
979
950
630
515
238
335
357
1066
98
640
581
876
876
301
328
1067
480
535
1068
552
1009
496
801
360
450
883
712
480
769
825
308
801
616
820
775
1033
281
592
327
219
387
442
98
775
535
590
384
384
98
481
810
219
124
925
320
1069
810
810
70
281
741
958
778
226
805
70
70
1070
226
226
312
312
312
312
312
312
312
226
183
219
219
425
425
741
824
312
312
312
312
312
874
312
312
312
312
312
312
312
312
226
312
312
312
312
1071
743
70
255
271
219
425
425
65
312
312
312
425
425
425
219
255
964
789
226
255
994
844
226
1039
226
70
189
888
811
741
474
226
226
929
743
226
475
1072
1072
1072
1072
12
1073
226
217
386
1047
2
70
1072
1072
993
1072
898
328
226
226
863
813
1051
1051
1051
70
386
386
182
219
219
1048
1049
200
386
226
226
226
85
329
1049
1049
1049
1049
219
762
385
575
649
1051
1051
1051
1051
1051
1051
960
189
189
855
689
385
1051
1051
200
12
226
689
70
689
417
1072
689
689
689
689
689
1072
310
901
418
676
310
310
134
134
134
83
329
725
647
417
417
12
426
12
40
425
12
425
425
425
5
3
903
183
219
806
1074
813
425
1075
795
226
219
949
1076
1077
1058
1058
1058
743
793
840
905
950
764
673
567
765
1
674
219
708
708
726
949
1061
310
584
1
1004
1061
1062
189
739
940
708
801
1061
711
949
948
1033
764
731
381
806
1078
848
848
848
848
848
480
1033
641
393
1079
848
848
789
393
1080
153
393
769
564
656
1080
1064
1081
801
1082
354
630
450
566
809
552
450
450
450
552
559
450
720
535
581
308
879
219
906
535
318
312
219
255
219
189
281
1017
255
831
593
281
931
1083
886
281
312
312
701
689
661
312
312
312
312
312
312
385
312
312
312
312
312
312
312
312
312
312
312
482
650
425
1084
312
312
312
312
312
312
312
312
312
312
312
226
312
312
312
1036
226
650
425
794
312
312
226
886
183
70
219
183
200
226
70
511
425
425
219
226
1003
1085
425
189
183
691
1086
739
743
743
226
70
169
226
226
226
226
12
255
226
430
929
743
475
12
1072
1072
1072
1072
1072
1072
1072
1072
1072
1072
1072
1072
1072
1072
255
219
70
1087
226
565
178
178
1072
1072
1072
993
993
993
70
255
1088
1089
255
1047
1047
1047
993
226
1018
1047
21
386
227
649
123
252
252
960
255
929
844
226
189
288
328
227
227
340
227
384
340
969
329
329
779
737
232
134
83
310
83
38
83
83
85
669
762
1090
2
1091
948
169
835
976
1092
906
977
475
955
1031
1093
950
2
805
948
1033
784
1058
1058
226
1094
1061
1061
1095
123
1096
504
835
948
903
1079
65
1026
351
1012
876
977
844
844
955
844
835
1097
1098
351
1099
985
1032
598
674
504
884
1077
835
226
835
673
673
1100
1062
1061
764
1007
351
735
761
123
739
641
764
873
328
735
804
425
40
1033
950
809
848
848
777
848
709
707
762
580
848
393
393
393
769
805
995
995
1065
226
393
769
1052
810
848
630
835
226
552
1052
739
1009
533
393
1052
641
509
739
559
450
450
450
450
450
450
1088
821
102
145
426
318
1101
739
450
450
450
450
535
43
450
450
484
40
40
713
450
450
450
102
255
511
484
485
1017
450
831
879
35
255
226
1008
1102
312
450
450
1036
743
1103
425
1083
874
312
312
667
426
70
502
1104
947
312
312
650
70
312
1018
385
1105
219
219
226
710
385
386
386
70
425
425
425
70
70
226
226
328
59
226
226
226
805
328
962
425
1106
328
853
226
689
850
813
153
1072
70
1107
710
217
1089
689
417
594
70
219
1072
226
226
1108
689
189
183
908
333
226
226
1018
929
1109
226
813
70
1109
386
226
739
451
226
689
328
394
200
762
649
200
200
226
706
762
200
301
1072
1051
835
1085
805
581
226
1095
1015
226
288
1110
226
1015
1111
226
1015
762
1111
1015
83
83
85
955
739
950
1054
21
219
219
762
1031
1031
509
825
873
735
746
1017
801
977
1112
1061
359
360
102
1113
1061
733
733
535
1089
219
219
1114
1115
1116
637
846
955
844
226
805
770
949
1117
535
955
739
1118
886
953
584
65
949
450
1058
940
801
927
393
983
1033
764
823
639
955
801
995
733
769
581
1065
955
281
995
35
567
859
1033
950
931
848
349
848
226
504
1119
1062
1120
1080
328
1059
801
145
1121
907
1081
982
1099
426
552
1079
995
703
450
720
1122
801
1058
328
328
485
485
511
511
552
931
426
701
425
189
136
764
1006
450
824
994
672
874
198
296
558
70
1083
224
931
425
804
739
1079
667
219
425
739
226
226
850
283
417
226
649
226
1123
1124
743
70
183
1125
1094
226
226
743
425
425
308
835
226
226
689
271
425
425
200
226
689
226
1015
1109
689
1027
169
226
784
235
1024
219
226
386
269
200
684
805
226
787
288
1126
1127
478
308
226
588
226
1128
329
631
38
298
298
1129
288
1085
581
581
969
38
929
83
83
85
134
784
689
977
835
844
1130
924
955
1043
689
886
35
1131
1012
1008
1001
1001
684
1029
886
948
739
1043
801
65
1030
1003
1132
1132
720
13
1012
840
1032
1031
1033
743
1127
947
1129
731
989
884
1133
947
219
884
417
872
226
801
509
1134
1038
320
1135
1136
795
784
1097
676
1137
192
801
801
801
801
98
884
1138
384
1139
801
877
1140
733
977
977
1112
1141
707
1058
641
810
1142
995
354
1143
1017
533
934
641
1144
1080
559
904
281
1145
567
1059
720
535
393
426
219
1146
426
426
426
426
485
485
835
426
426
124
426
426
426
426
426
485
877
552
641
773
485
708
884
1066
728
1147
1107
186
450
886
39
387
450
684
485
313
450
672
844
1018
312
312
1148
929
425
425
425
689
931
931
833
271
40
860
430
805
425
425
858
835
955
888
1149
743
425
784
226
226
855
1108
1000
962
689
900
425
226
425
425
226
1018
475
1150
252
490
226
475
596
729
664
425
835
1129
200
1128
226
226
1104
960
200
1109
226
782
70
226
670
252
534
227
38
83
340
557
226
842
340
83
929
226
226
226
226
381
821
226
417
226
83
226
83
1029
1029
83
83
903
903
183
1013
801
1043
886
955
948
1151
739
1043
739
948
601
835
1152
1153
1001
733
1154
953
867
1012
1012
1133
1001
1012
1155
1156
735
65
649
1100
949
949
762
739
844
784
551
947
1113
1088
1012
1132
1132
1132
1132
649
1101
581
1058
1157
947
676
1088
827
417
340
784
1144
1058
941
1157
1088
801
425
825
517
533
801
801
801
801
801
801
801
801
801
801
801
801
801
733
886
940
1058
995
584
784
784
552
977
641
769
1116
396
1158
755
907
1079
1033
697
1159
354
360
372
328
533
509
835
801
1160
1157
1017
1161
535
590
1144
102
426
1059
892
720
426
426
426
426
426
426
426
484
484
484
484
485
955
1052
552
784
275
1126
484
1014
955
903
844
43
19
552
1162
773
425
844
888
134
169
511
1163
226
977
1015
977
475
219
313
43
1102
650
425
387
312
226
40
995
312
1018
425
893
417
743
226
425
425
226
288
929
931
425
425
226
1164
1108
475
1107
684
835
1124
425
784
1005
1018
886
226
931
7
5
425
271
748
226
386
226
1165
813
1006
762
458
126
178
189
226
835
835
226
200
189
226
227
226
200
200
1073
226
762
424
252
226
271
631
478
417
226
530
1166
743
1005
430
1126
417
226
226
835
226
226
898
189
340
226
1073
226
227
534
384
83
226
226
226
340
381
227
93
929
226
314
226
226
1036
226
93
1167
226
83
226
1168
669
85
1012
1169
689
805
1170
739
1043
886
1104
658
886
581
1029
1058
417
1141
1171
1171
1134
1171
1012
1172
784
953
1173
1171
1174
1134
1171
1134
1134
1171
1012
1012
1134
1012
1175
1012
956
1060
1087
739
760
65
737
1011
567
1176
1134
1177
1176
797
844
450
65
1178
985
567
985
567
590
1179
626
509
517
1088
703
535
1134
844
676
801
801
801
977
509
805
977
797
801
1135
1110
417
708
939
1033
581
1180
948
1116
977
931
1143
381
674
480
955
509
351
804
1181
1154
637
962
784
859
668
843
955
1182
997
1183
1062
1067
844
705
983
641
1062
1062
360
1062
1067
1062
760
877
539
1119
1081
886
739
739
1017
720
1041
387
281
169
999
511
511
511
1184
1045
1185
844
707
528
426
739
921
805
426
426
773
739
672
1045
1166
739
737
691
552
680
360
805
1015
824
835
226
509
1186
226
977
1107
1089
439
743
40
425
450
743
226
764
219
543
425
425
308
425
722
576
844
357
784
744
226
425
226
226
226
689
649
649
846
226
226
1187
226
40
226
835
1128
964
226
226
226
226
1107
739
226
200
226
601
417
739
439
226
417
417
540
417
1111
252
226
736
232
232
226
226
226
226
226
226
226
226
762
762
226
226
226
226
226
227
226
252
227
226
705
871
227
762
6
417
226
252
581
669
1188
393
739
1189
1012
1190
1191
835
886
1190
1012
351
581
1176
1171
581
1066
581
1192
581
1190
1193
1175
1115
1191
949
886
1058
1194
1066
873
1132
801
985
1056
581
581
535
835
948
1116
948
823
1007
892
1041
1195
1195
801
535
873
567
948
940
1058
801
801
801
801
801
1010
581
581
581
1058
801
801
801
801
340
784
1196
328
393
136
567
1118
1197
1197
1197
886
393
762
1063
972
281
568
809
1095
793
995
689
689
509
962
384
641
1141
393
393
393
1011
384
384
804
801
680
689
1198
817
1079
805
1079
543
689
944
848
1199
1083
1200
835
1199
1000
1017
1121
533
720
384
906
1162
844
844
844
844
475
426
425
426
425
255
552
1059
955
844
844
844
844
844
844
426
484
886
677
308
977
844
844
844
844
85
485
689
737
676
805
684
844
844
844
844
844
844
844
844
955
426
40
680
631
844
844
1201
426
977
1089
663
764
312
328
810
40
913
226
1070
226
226
762
801
805
805
805
226
1018
805
805
805
805
111
1073
873
805
805
805
739
805
226
226
226
226
1036
762
226
884
631
1202
884
658
649
189
189
805
805
226
986
1053
842
1203
226
328
313
189
226
836
226
328
271
189
964
226
890
328
697
581
1204
1109
534
697
1138
540
581
581
417
540
540
417
581
530
200
417
540
417
417
581
540
581
1129
226
226
226
872
227
314
977
200
285
226
226
252
226
417
737
226
226
631
737
737
227
969
226
374
226
226
226
631
381
485
226
833
960
973
310
835
1031
1191
739
1087
312
876
417
873
1061
1132
1115
1117
951
1077
844
1021
737
1133
835
955
801
793
576
955
739
784
801
801
801
708
1065
801
801
1032
955
252
764
844
844
65
1205
844
844
844
844
835
835
1206
1207
1135
1208
689
697
844
393
1081
895
689
543
697
1046
796
844
801
1012
393
393
775
384
1162
1209
65
509
877
1210
784
835
509
320
955
946
385
844
1075
227
681
784
844
1211
844
384
40
40
1076
426
739
552
946
844
844
844
805
641
102
475
764
844
739
739
842
631
1122
784
1212
835
1123
884
884
601
426
426
865
308
676
844
835
509
40
426
735
955
1052
328
226
844
844
764
485
1213
844
844
835
426
5
1214
946
918
805
805
805
835
947
552
805
805
805
805
134
40
40
40
40
40
40
40
805
226
40
40
40
40
40
40
40
1215
805
805
313
40
425
805
805
805
226
805
805
805
226
805
805
226
430
805
805
1108
200
955
1216
1217
765
226
226
1073
226
1126
767
7
387
799
1186
1016
488
189
426
439
929
931
226
1073
226
226
780
581
580
226
226
835
252
540
581
540
581
417
540
1218
227
813
1219
417
417
871
226
1220
762
669
676
417
227
1037
582
227
226
471
386
581
388
763
1221
763
795
962
1012
762
795
844
1032
1032
835
450
1191
1032
1222
762
801
65
417
873
1132
1032
1172
948
801
903
986
1058
1200
1223
739
835
1046
396
393
1224
948
65
381
1087
1058
835
884
810
948
835
835
835
1225
504
886
1058
1125
895
739
65
835
509
509
504
775
1226
1226
844
835
509
760
509
509
509
393
739
509
995
385
955
689
764
835
835
835
1178
835
1178
947
509
275
835
1227
1002
601
1228
835
637
796
835
691
102
1079
801
320
509
835
961
1229
509
384
835
947
739
1230
1228
899
308
835
835
977
715
802
764
676
676
835
835
835
835
977
835
835
426
784
1212
835
835
977
835
835
835
835
835
1013
835
733
611
387
812
275
835
835
835
426
484
1052
805
511
425
1231
725
918
805
805
511
926
426
844
886
813
1103
511
169
813
1232
226
929
1233
12
226
762
1234
320
886
11
11
432
4
323
126
169
226
226
226
386
1016
743
126
762
200
200
1235
581
1236
226
1237
1238
227
581
779
226
1239
1239
947
227
417
581
737
417
581
226
737
1126
631
1134
252
1240
417
955
430
1066
417
226
737
955
1241
252
226
417
1168
388
1242
844
1012
762
739
1180
1151
1012
1012
1043
948
1243
1012
1244
886
417
10
1132
1132
676
417
535
1132
1032
1245
630
65
65
1033
1012
351
739
762
977
955
835
509
1144
1246
762
762
1063
835
835
835
535
102
252
835
509
680
689
946
946
1
1247
848
509
509
539
1248
509
680
509
360
680
611
762
226
835
884
884
837
1144
417
1046
426
426
1162
1013
85
426
226
886
485
1249
417
946
490
485
226
485
426
426
1232
724
1250
485
426
484
226
439
1089
5
314
189
1091
226
955
855
189
417
200
886
1073
368
836
743
1111
226
955
1109
886
189
189
1073
1251
1016
329
1252
226
1095
1253
1238
1253
581
329
836
813
1177
581
581
871
226
903
328
1240
955
226
739
932
1254
308
417
226
226
932
417
417
226
737
584
871
252
252
1255
1066
771
1109
417
417
649
238
737
478
478
417
226
417
227
252
737
417
167
167
388
955
962
762
955
739
948
886
1105
1105
1180
1105
1256
1105
1105
1175
1012
1012
977
739
951
951
1257
676
737
903
677
1012
1031
1258
955
1046
816
535
649
1087
1031
65
1224
1259
844
509
1260
949
949
535
801
509
886
810
509
509
1012
102
1164
762
947
535
1078
739
697
1046
1261
788
1078
1033
955
509
784
737
831
509
509
509
509
1262
946
784
1046
509
509
509
884
235
886
784
509
385
955
1157
1013
884
977
977
777
509
955
955
955
977
884
886
994
739
439
426
426
1215
1046
439
886
475
426
426
739
1231
275
85
426
725
1263
1104
680
795
1264
388
1042
1252
1187
200
739
484
238
813
762
1265
886
1091
651
999
795
426
189
426
691
226
226
970
762
530
867
1266
227
914
813
1134
1016
1267
1016
1073
357
153
102
762
1127
821
820
1204
903
903
821
737
676
417
384
417
737
628
226
252
252
827
417
753
478
478
417
1068
417
1268
417
1269
1269
388
388
167
388
388
388
388
388
388
388
762
1191
1244
835
1058
417
226
1154
1243
1193
1270
955
1058
1012
1180
955
1116
931
955
955
739
1097
1227
1068
676
1062
948
543
1019
835
1224
1196
1062
1062
1148
1271
1180
1172
1272
801
739
762
762
844
844
1271
1033
1273
1178
227
739
955
762
955
762
320
1274
804
920
1275
955
764
509
739
955
955
955
762
252
762
543
955
509
509
509
509
509
509
509
923
1276
955
977
637
329
509
1277
509
509
509
535
226
1118
385
1278
847
810
396
396
977
977
1279
1230
396
739
641
886
977
955
1280
981
977
739
226
1038
1231
396
713
977
650
1187
1091
1281
955
1155
511
849
1215
484
511
955
1282
313
485
1283
252
684
485
855
387
226
1073
226
417
1073
417
226
955
1266
1127
509
591
836
886
1026
153
649
581
1284
200
226
737
581
96
1100
417
1066
226
807
1038
417
252
252
308
308
388
737
1240
417
534
417
1068
1285
252
252
1285
932
417
388
1286
431
431
431
554
388
190
388
388
1287
388
154
132
544
336
388
554
388
431
388
566
39
1287
370
388
596
1000
767
784
312
1135
955
1177
1033
1031
1178
739
795
1021
1271
1117
1046
676
1062
1133
1288
1289
1011
1062
1133
955
1087
1034
1227
676
1256
823
1290
65
844
1227
760
1067
768
1099
955
1164
948
509
775
1164
673
1062
1164
1011
616
739
1209
895
835
762
924
735
384
784
762
509
1038
735
886
1144
396
946
637
760
1141
788
768
955
955
1291
1127
990
739
739
739
955
923
631
884
739
977
977
977
977
977
977
977
977
977
977
1231
918
1292
955
985
981
1293
1294
955
275
739
739
955
1125
1295
1296
1213
739
1296
955
784
762
226
886
886
955
1014
1280
955
762
762
226
552
1280
955
200
200
750
955
762
1250
1297
865
1298
678
727
388
226
238
532
649
693
577
1000
1299
1073
1016
226
631
320
126
200
786
575
1243
384
1300
1066
739
872
1100
227
786
200
384
1229
431
1301
1302
252
252
252
252
252
417
926
1303
1301
417
388
544
544
388
388
565
323
388
1304
596
388
431
431
1287
596
1305
431
388
1306
11
388
1160
1307
1308
1013
955
951
762
1013
1013
762
1013
1075
354
762
739
844
1205
1033
1309
1191
1038
1205
886
1087
855
384
1248
1003
1073
1062
1008
616
65
784
1310
795
1099
381
1290
955
1272
762
676
1148
844
676
762
844
762
762
509
320
102
658
535
1272
1164
680
762
914
509
1289
539
1180
509
658
102
1311
955
955
762
762
762
676
509
784
1164
995
637
509
575
777
1033
509
1046
784
641
509
564
955
668
739
955
1312
676
676
1273
1313
676
1104
884
1083
946
941
676
676
676
689
955
385
198
977
977
543
955
1314
724
977
226
955
955
1283
762
957
1315
762
762
762
762
762
1000
1249
1316
650
475
739
1042
1317
762
762
762
762
762
762
762
762
762
762
762
762
296
687
762
762
762
762
762
200
795
713
955
762
762
762
762
1064
724
678
226
977
236
680
1318
1319
340
575
200
417
1299
1127
1105
1135
1152
953
676
308
417
388
226
1320
1320
1321
252
676
676
676
417
676
417
417
252
417
128
1303
388
226
189
544
39
616
566
544
368
554
388
1285
431
845
524
524
388
577
431
431
1322
1057
1307
1013
1000
13
1323
805
1013
1234
1273
763
886
1324
1205
762
1170
1154
1325
1054
1270
1135
351
955
1326
977
1222
1034
762
739
1046
931
793
793
793
676
793
793
793
1148
903
649
955
739
835
903
793
793
793
793
793
793
793
793
793
793
903
1148
1289
1327
793
793
793
1148
905
955
739
1033
1195
793
1148
793
793
793
793
1148
1148
1164
1164
793
793
793
1148
601
1046
1033
793
793
1328
509
509
509
509
801
886
1033
835
762
977
737
676
1000
793
1328
947
947
947
1328
1328
1328
947
509
509
517
762
762
794
1000
947
947
716
1033
1164
762
955
473
509
1329
805
1330
739
920
844
238
509
509
312
1209
955
955
955
676
509
301
1163
762
762
1331
884
955
739
762
762
784
762
676
226
1000
739
784
955
1332
955
784
1186
368
1333
1073
1334
1335
1334
1073
955
739
1336
762
739
680
762
1073
1284
252
1147
689
1295
955
955
955
955
955
955
955
955
955
955
955
955
955
955
955
955
955
762
762
762
957
252
252
957
1073
1136
1280
739
784
955
955
955
955
955
955
955
955
955
955
955
955
955
955
955
955
955
955
955
955
955
886
1295
739
955
955
955
955
955
955
762
955
1314
955
955
955
955
955
955
955
914
1147
1189
955
955
955
955
1073
649
187
684
1300
631
417
1203
217
1337
1154
749
872
1105
1154
577
1236
1124
786
200
829
227
932
1307
1338
153
903
889
417
431
676
676
128
252
417
417
252
431
252
587
388
388
430
388
431
1339
431
1340
134
431
596
554
1273
1000
1013
873
1341
1057
842
631
1075
1341
1000
714
1256
1273
1342
762
739
1343
320
1343
1148
1148
1008
1148
793
1148
1148
1148
1272
1323
793
793
793
793
793
793
1148
1148
1148
1148
1148
1148
1148
1148
1148
1105
903
1344
793
793
793
793
793
737
1148
1148
1148
1013
1148
1148
1148
844
1165
793
793
793
793
793
793
793
793
793
793
793
1148
1245
1266
1345
793
793
320
739
1164
1046
793
1328
947
649
881
1200
539
1346
762
793
947
947
1328
947
947
947
947
947
947
1056
1180
762
947
947
947
1274
804
676
947
947
947
886
810
739
977
762
739
842
676
977
720
1147
1114
719
1209
955
676
679
719
1016
739
275
784
784
784
784
886
739
977
1147
946
509
1296
1209
955
955
955
784
784
977
955
739
328
739
1152
1152
955
955
955
955
475
955
955
955
955
955
955
955
955
955
955
955
955
955
1300
955
955
955
955
955
955
955
955
914
955
955
955
955
955
955
955
955
955
955
955
955
955
1265
1073
252
1073
886
886
955
955
955
955
252
1073
616
777
955
616
537
829
1347
1300
85
1000
1095
1348
575
1056
1068
596
226
1321
572
572
1100
973
1240
417
1321
1135
903
649
795
684
417
1347
417
1301
577
586
577
1264
431
845
431
1349
1340
554
577
154
154
154
1193
1013
1000
1000
1000
1013
1000
1350
842
1350
842
1350
1160
1350
1013
1341
1013
1000
1013
1013
1000
1013
767
1350
676
676
1350
1325
763
1000
1013
1013
1000
1000
1160
1350
1351
739
1000
1000
1000
1013
763
1352
1013
1000
739
1353
312
1000
1000
1000
1013
1000
1000
1000
1148
1325
1325
1148
1325
1013
1013
1013
1013
1013
1000
793
1148
676
844
1046
1158
762
1013
1000
793
1354
793
1328
886
1116
762
1000
1000
1000
1169
977
784
793
1354
793
793
793
793
793
947
1327
793
793
947
1355
1224
1067
1067
1355
793
947
320
1158
1011
793
805
886
1356
322
793
775
545
1356
700
947
947
947
784
1356
947
947
947
947
616
884
1164
1164
676
1092
947
947
947
1104
1104
1104
739
1104
823
649
727
1258
1357
771
739
1114
719
1330
739
977
328
886
1147
886
1358
1275
955
739
1031
977
784
784
784
784
784
1359
1016
1017
509
1158
509
1016
1016
719
719
719
739
739
739
739
784
784
784
784
1318
739
739
509
955
955
955
784
784
784
784
784
784
784
719
1360
886
955
955
784
784
784
1073
674
1042
955
784
784
1197
955
955
955
955
955
955
955
784
784
1300
767
1300
676
955
955
955
955
693
725
955
1300
739
739
739
739
739
739
739
739
739
739
739
739
739
739
739
739
739
739
739
739
739
739
739
739
739
739
739
51
739
739
739
739
739
739
739
739
739
739
739
134
739
676
1056
1075
1173
1016
631
126
764
473
478
1361
417
200
787
1321
226
26
252
1362
252
1363
388
252
577
431
845
431
1285
554
554
1364
1364
154
431
388
1193
1271
1013
1000
1365
1075
886
1013
1013
1000
1366
795
1342
1013
1325
1148
1325
886
1000
1013
1325
1104
1325
1325
1057
1131
1013
676
1105
1033
1000
793
947
1148
1154
1021
886
793
1046
1067
1183
793
793
793
793
793
793
947
1067
1067
1067
809
844
1354
1325
1158
801
1104
947
884
1325
1325
947
450
801
947
1104
823
1033
1013
1104
1125
1216
1164
1164
977
877
739
784
651
1186
767
886
977
509
509
784
784
1367
739
1360
1073
1368
1369
955
1322
1026
1289
1135
955
955
252
1073
765
1280
955
1370
616
1280
1371
739
739
739
739
955
872
417
924
724
739
739
739
739
739
739
795
502
739
739
739
739
795
739
739
739
739
631
739
739
739
739
739
739
739
1073
739
739
739
1372
176
430
1372
1373
430
1016
1016
1147
388
134
596
83
315
200
1050
737
1219
1320
252
252
1286
1287
252
35
431
283
1364
1364
596
431
1305
1364
388
134
431
134
388
17
763
1374
763
1075
1375
762
795
1365
763
1343
1325
1000
35
1154
805
762
1325
676
1203
1243
1369
793
793
793
1087
784
1355
1355
1067
1355
1067
1067
1067
1376
1356
844
797
1067
1067
1067
1067
1377
1183
1183
601
1046
1325
1325
1046
955
801
1093
848
1325
1104
1104
1087
700
793
1104
1104
1104
1164
1164
1104
886
1356
649
1033
559
1368
828
1164
1033
1033
1164
739
1316
1141
384
820
1378
739
616
638
591
1379
914
496
1162
946
637
1033
784
784
1334
1209
396
509
886
784
784
886
815
955
739
886
886
886
886
674
810
886
1180
396
552
108
1038
1295
886
886
886
955
739
739
1314
739
739
739
616
739
1380
365
365
388
235
587
134
252
252
252
530
875
1269
1381
1381
1321
1321
252
1364
252
1063
588
1306
1254
252
252
252
252
577
267
430
1306
431
431
510
1320
632
585
587
544
585
596
134
1301
431
1320
390
134
430
1382
1075
1324
1325
1325
1325
1354
842
762
1205
1067
1355
1351
1193
1087
1224
1183
1383
1067
1067
1325
1310
1067
810
1046
1325
1238
1159
668
450
1272
1033
676
649
805
1033
955
835
1384
1385
809
308
1330
810
844
886
795
886
795
1160
611
982
955
1180
368
886
886
509
886
955
886
886
886
886
886
886
1296
1263
1265
886
1073
886
914
1386
886
649
805
312
739
1155
886
794
1246
1307
601
912
1313
283
365
739
226
1094
973
283
388
1073
676
842
1321
134
238
777
134
134
431
1338
554
431
252
252
1320
1320
1363
1150
1340
585
252
1085
388
431
833
431
596
585
577
585
544
1364
763
1075
1075
1387
1365
763
1075
1366
1207
1365
1104
1365
1351
842
1374
1325
1324
1033
1325
676
1374
1067
1067
1210
1158
1343
801
1067
631
842
842
1271
1160
1325
1067
631
1307
600
778
601
1019
762
1067
842
600
948
955
1345
539
1388
1046
809
1033
1046
1262
1164
328
955
591
1389
1033
1180
886
864
739
153
801
886
1157
872
1386
1296
784
886
385
886
886
1292
1073
955
827
1317
1280
739
1156
1390
1152
764
1284
1379
1379
226
666
510
510
764
510
388
200
388
588
252
1085
577
554
1391
1320
252
226
431
469
586
252
554
1392
763
1365
1352
1324
601
763
793
649
1393
1203
1393
308
842
1210
1350
238
1327
1208
762
1273
842
842
1394
1160
1359
1384
1330
1046
1323
368
1160
1046
842
1216
1046
1260
762
977
1395
801
1263
559
1385
1033
1164
1164
728
1263
1263
762
482
1275
1396
953
805
1397
886
1073
1016
1073
1114
553
1371
1152
886
537
616
739
365
1105
283
510
96
226
388
957
252
1321
388
670
1338
126
1398
670
564
226
252
1399
1400
252
1401
1365
1387
1075
1366
1075
1402
844
1311
1297
762
931
1403
1403
767
1046
931
1350
308
1259
1160
1350
1380
368
1404
1033
396
1344
1026
1160
1374
1158
1033
312
1273
1272
795
809
1395
886
1389
1022
153
1356
865
765
1405
767
312
1343
767
1114
616
1260
1180
1114
1073
1358
886
473
1406
1010
1407
651
631
616
252
676
1347
96
1321
1321
554
510
252
252
252
252
252
252
473
1400
134
596
97
1075
1365
1408
1075
763
763
1257
1104
1075
1207
805
1158
1396
948
676
801
810
1402
1219
1409
1403
1160
844
795
676
1410
396
1273
1273
631
1411
776
739
1199
737
628
1025
308
703
1378
1162
238
1409
252
1073
661
1162
1263
616
1209
238
616
678
494
614
1406
1091
616
1147
1095
1412
914
1413
631
1016
1160
872
226
1321
510
1414
510
252
252
1320
554
585
252
252
252
252
388
1340
1387
1325
1324
763
1415
1075
1075
1365
1415
951
1135
1243
762
1046
1046
1046
1046
977
810
1033
1389
784
1033
1273
767
1041
703
680
1416
1126
1417
1348
1073
368
719
795
1277
805
765
678
1219
368
724
678
678
680
388
1416
1317
1147
886
510
899
644
1063
1073
703
767
1147
1064
1073
439
96
252
957
723
252
252
510
615
615
510
431
252
510
252
957
670
252
932
252
1399
431
252
889
252
252
889
1418
1150
252
932
1419
1408
1415
763
1415
763
1046
762
1260
1396
1046
1420
1046
844
1046
801
1092
1373
1421
842
737
867
396
1041
767
719
1296
1263
917
1042
616
1406
1020
765
719
719
616
719
886
564
1147
1147
890
767
767
703
767
767
767
842
1405
1053
899
765
1053
349
1073
417
889
957
252
510
1422
252
252
252
252
252
1423
252
1321
187
1269
1254
889
252
252
252
252
252
252
252
1167
252
388
1366
1366
1419
962
1415
762
1075
1404
1094
450
801
801
835
886
1421
1424
637
842
1421
986
1425
97
1389
1026
1026
1093
1263
1140
1073
674
719
226
616
767
1265
1016
1216
1073
1073
1016
252
1246
510
187
252
252
252
252
252
388
1217
1325
1188
1185
1257
1426
1325
921
680
1420
1272
842
1427
1347
801
1428
637
1429
1102
1308
986
146
719
1016
1016
1203
1203
238
1316
719
1114
1073
1016
719
616
1016
644
1016
1186
1334
1206
1073
932
1167
606
1351
801
1033
1046
631
1396
1430
1042
1046
1033
1431
1432
478
719
1276
986
1405
1433
842
1279
637
1434
1026
815
1432
1425
1435
776
719
1147
217
1206
1436
1188
1075
1374
450
1178
1324
897
628
1092
886
719
1191
1026
572
1427
1158
1279
1278
867
1405
815
1437
1157
1438
478
616
1161
1373
1216
559
1238
767
1439
852
616
586
924
252
1167
1320
252
588
1402
1324
1033
1404
1069
739
1300
805
1432
776
767
767
1297
1425
1144
1440
1142
805
1441
1189
1293
1233
1125
357
510
1442
1324
1060
801
450
1432
897
1160
767
810
1310
1443
810
1369
1120
1369
637
1283
1073
1114
190
1444
1445
1207
1035
886
1324
1324
801
496
1283
767
1026
815
917
1142
1114
1435
655
1440
1446
1053
252
1091
762
1402
1447
1035
637
810
655
1443
655
1421
655
1098
284
1094
1114
689
1447
1276
1020
661
1137
629
226
139
1300
1067
655
629
917
1448
767
1449
1324
1431
1352
1257
1410
1316
451
459
226
743
134
134
1412
954
1148
1325
134
189
451
134
134
134
425
417
311
310
134
418
134
134
134
134
134
134
451
134
960
963
623
310
451
134
134
134
993
134
451
451
418
134
745
451
1051
1049
693
102
138
11
5
316
27
1436
11
110
48
207
27
81
102
31
45
22
316
39
184
78
177
69
90
24
83
83
93
83
83
83
93
83
48
68
104
25
209
299
31
602
424
226
91
175
265
261
31
367
817
83
83
93
83
83
93
134
83
83
83
83
83
93
93
83
83
83
93
83
83
83
93
316
328
51
549
11
11
549
715
11
68
238
39
343
85
181
134
83
83
83
38
38
93
134
134
134
93
83
93
93
83
93
83
83
83
83
134
623
39
798
183
630
11
165
31
63
340
264
39
135
83
83
38
134
93
93
93
83
83
134
31
670
362
31
108
83
478
227
83
134
38
38
83
83
93
134
32
134
102
54
108
134
83
83
451
659
310
310
310
83
83
83
93
83
83
134
134
134
134
134
134
311
309
109
134
64
22
39
47
396
39
310
67
310
310
310
310
310
310
310
310
310
310
310
311
310
311
311
311
311
310
310
83
85
83
310
310
310
134
134
350
134
64
64
425
310
310
310
310
310
310
310
310
310
310
310
310
83
134
83
83
839
38
93
83
83
83
83
83
83
83
38
310
83
134
134
134
134
134
802
514
326
143
85
310
310
310
310
39
83
311
33
699
134
134
83
83
83
134
310
310
93
93
83
310
134
134
134
134
703
134
83
134
451
226
51
310
310
310
310
310
311
85
310
310
134
83
134
83
83
93
134
83
134
134
630
630
630
630
630
134
134
143
39
83
108
134
310
311
134
83
83
83
83
83
310
134
134
134
134
83
310
134
134
134
83
83
83
83
134
134
134
83
93
93
134
134
134
451
451
134
794
673
150
134
134
311
134
134
134
134
134
165
236
451
559
136
310
310
310
227
310
310
93
83
134
134
38
38
83
134
311
134
451
134
134
486
134
134
134
134
134
451
876
39
310
85
847
51
134
134
93
134
83
83
83
83
134
134
267
238
1
226
1337
134
83
83
85
310
83
581
93
93
451
134
134
93
310
134
451
134
83
83
32
51
219
478
83
83
228
93
93
83
93
134
93
134
134
134
93
134
134
83
83
946
47
311
625
83
83
93
451
310
83
83
354
1012
274
762
301
839
83
70
310
475
310
311
93
93
93
93
93
1013
70
311
311
543
134
134
134
673
742
630
630
630
189
93
471
70
39
85
134
85
38
425
697
70
83
83
310
310
310
489
70
201
1048
310
310
311
764
226
381
955
620
1051
310
955
569
509
1148
251
1450
910
226
217
1451
916
70
804
5
852
543
837
622
863
623
385
935
98
3
116
964
862
862
891
863
893
1452
1369
150
820
1181
568
911
588
891
891
945
426
426
426
426
793
1177
630
630
630
219
70
393
1000
886
70
189
385
929
328
992
328
946
1182
134
232
1177
835
784
630
1038
480
1062
835
689
739
70
689
689
689
689
689
689
801
329
942
1207
1427
762
835
616
641
219
425
689
689
631
689
689
689
689
219
227
426
1058
40
1197
989
743
1148
686
674
1204
1204
755
1206
842
961
961
689
971
385
689
689
805
1453
689
962
134
844
533
1453
1046
1132
480
98
1033
1191
1171
817
385
216
298
689
762
950
762
805
581
509
775
357
219
226
884
985
1058
1297
509
431
1036
200
691
386
1005
1074
835
1194
1421
35
989
806
1374
848
641
1017
509
725
1422
1177
1171
1171
1171
226
226
844
1012
796
955
955
1147
1032
1078
226
793
793
949
226
1104
947
226
226
226
200
226
762
153
308
1454
1171
1454
1131
1105
703
801
509
1312
898
962
801
849
509
426
328
779
1029
955
739
762
601
1395
801
384
1017
782
475
1429
739
1029
1171
1032
1074
1008
1046
1058
1455
739
581
1355
1210
886
1078
835
1042
955
1191
680
955
430
11
986
1193
955
252
844
795
1408
697
678
1033
955
737
1345
641
947
1000
1000
947
1328
1148
946
955
886
1000
1013
1000
767
793
1439
676
1271
1225
739
1087
842
1033
977
1164
485
485
1180
762
226
1085
1032
1169
1344
1154
1325
543
1362
977
1148
1148
1456
1383
1324
1085
509
200
320
1278
326
200
794
1368
1403
1423
39
1457
1000
1046
1196
1289
955
977
1275
200
697
829
323
1364
544
700
1104
1288
784
1162
801
762
482
762
924
227
1414
190
947
1148
947
1148
676
1000
1104
947
947
1148
1148
1148
947
947
947
947
1104
793
1444
1328
947
1104
793
1104
793
1026
1148
1325
1148
1148
1148
1104
1325
1325
1325
1148
1148
1000
1148
1148
1325
947
947
947
947
1148
1148
947
947
1148
1148
1104
1148
1148
1148
1104
1148
1148
1325
947
947
1148
947
1148
1148
1148
1148
947
947
1148
947
947
1148
637
817
1064
955
1073
1000
1013
842
1075
947
1148
793
793
947
1328
1148
1148
793
947
793
1328
1148
1148
1013
1183
947
1328
947
947
947
947
1104
1404
1328
1104
947
1104
1067
762
886
977
431
1013
842
1013
1075
1000
1013
1000
1104
793
1324
1104
1104
784
739
1243
805
918
739
719
1013
784
1000
1325
823
795
1263
1390
1375
1325
977
1273
1067
810
200
670
957
252
83
962
1203
1366
1193
886
252
616
252
1254
1325
842
1351
1393
842
238
1107
865
1317
1365
1273
1063
252
1363
1365
1203
1421
765
680
676
431
252
1320
1188
1075
1415
1324
19
930
616
1406
19
1414
1414
1167
1458
98
1415
763
1158
842
1321
1180
787
685
252
1439
1147
1147
1410
496
1459
32
1035
1324
1028
4
4
4
72
27
31
31
31
4
126
11
11
4
19
40
11
31
40
11
27
11
4
11
166
102
11
4
27
126
31
31
60
265
59
31
216
117
73
11
31
22
74
85
84
72
31
20
78
233
11
31
111
499
31
11
31
11
280
32
32
109
32
12
489
1460
28
67
74
832
29
71
31
31
53
31
32
28
131
11
19
32
126
31
11
31
126
129
31
177
31
31
380
291
472
131
253
48
32
11
140
300
32
126
200
31
324
31
31
441
67
11
46
265
126
38
32
191
32
32
25
31
126
103
182
5
5
832
126
265
209
360
25
32
31
25
31
85
131
255
208
165
295
273
324
148
11
152
1
200
140
449
447
51
317
449
503
83
584
108
1063
111
38
25
303
11
466
257
39
67
67
108
189
25
31
31
11
51
6
380
407
406
85
379
67
484
31
48
126
126
31
32
268
85
5
236
392
373
460
152
26
89
481
67
228
238
247
433
152
196
31
723
176
291
67
1184
1112
25
11
851
368
415
43
43
31
139
226
632
67
461
623
328
145
1461
174
160
202
549
1462
461
496
430
102
140
386
623
863
1011
271
469
430
60
491
713
715
123
328
801
314
12
234
349
511
524
1171
126
102
31
70
70
386
116
446
26
597
189
189
878
489
764
673
863
195
226
149
103
384
200
328
1461
1058
817
663
342
381
384
328
691
219
255
737
255
313
328
1463
328
328
536
328
426
680
426
1464
430
480
12
200
949
43
21
622
697
697
606
764
1156
537
393
40
255
689
689
646
102
328
328
894
328
601
794
509
769
70
805
2
1465
123
1017
894
226
219
1367
920
1119
739
616
987
393
350
1350
762
1000
1273
388
914
631
1148
845
1073
703
1269
719
31
310
49
32
25
143
39
60
67
12
83
83
130
444
369
39
83
93
93
93
134
134
143
85
39
420
32
111
134
141
31
310
134
430
126
126
311
310
310
310
310
311
134
134
430
238
238
310
83
134
466
98
1155
226
417
189
699
745
963
1012
1090
1401
1374
993
70
993
1048
381
25
4
22
12
64
5
27
5
140
136
51
27
31
22
848
64
20
27
20
199
83
83
83
31
478
25
51
39
32
60
74
832
39
316
85
39
93
93
83
93
38
39
136
555
555
301
1249
226
1100
93
471
310
64
349
1063
349
25
64
39
166
70
83
83
83
134
134
83
134
134
93
134
134
83
83
83
83
83
83
83
83
93
83
83
134
134
134
134
134
134
83
93
83
83
83
83
93
134
83
93
93
93
134
83
83
83
134
93
143
143
630
517
226
293
690
64
64
102
145
114
226
283
39
64
17
206
301
310
310
83
134
350
39
310
310
310
310
310
310
310
310
38
310
310
311
311
311
311
311
311
310
134
310
311
134
551
551
238
238
686
602
275
238
301
1
372
1063
182
471
93
93
940
340
311
93
93
93
83
134
839
310
134
134
187
52
417
83
85
310
134
134
134
83
451
134
451
85
381
451
17
189
142
468
83
85
134
351
228
85
418
471
134
52
202
226
196
696
219
102
227
649
970
393
509
947
1203
601
649
1203
1203
1131
720
350
85
301
417
641
70
650
235
328
583
551
136
134
228
70
123
271
1148
1325
12
12
886
877
876
1466
252
226
764
1016
1360
1032
984
393
1245
1271
226
226
1316
1026
720
1148
351
425
813
1271
426
886
801
1078
1134
1134
720
1029
1456
1177
1456
1038
842
1203
886
1073
886
1154
767
1169
1330
1374
1273
1000
947
388
1308
1178
1467
211
252
596
431
388
577
134
1414
1364
1148
1328
1328
793
1328
1148
1328
947
947
947
1148
947
1148
903
555
1073
1016
1147
1087
1374
6
483
6
1317
60
1073
9
4
4
6
6
6
330
6
1029
182
102
64
135
64
59
31
380
475
181
165
385
123
1063
32
569
145
426
70
764
368
189
716
252
1085
417
238
457
386
226
886
150
134
134
1105
548
83
85
751
401
219
735
134
85
93
1032
1177
1191
1177
1132
12
789
567
328
1017
977
914
914
1033
1468
93
181
134
134
451
658
388
1090
679
32
111
83
93
316
1469
83
39
1
630
83
451
134
310
311
85
226
310
310
311
311
310
310
38
93
134
311
85
83
134
85
134
134
451
451
310
134
39
310
116
134
884
444
93
83
83
601
1090
548
534
980
98
1470
192
12
208
281
1012
1271
70
226
1316
842
884
950
1463
753
995
1094
1017
354
1438
1453
827
977
1471
126
955
955
1148
784
128
793
947
793
872
763
1328
762
554
1013
739
1415
1307
1035
544
601
388
886
388
134
291
1026
11
126
11
446
11
126
126
196
1001
126
25
25
11
537
311
239
72
535
200
406
328
219
328
83
134
311
235
451
626
793
281
535
226
844
70
70
12
773
255
304
1472
255
226
351
558
842
1473
743
226
883
200
871
951
844
226
450
442
226
805
689
689
689
689
689
963
689
689
689
689
948
977
955
676
650
226
697
598
631
288
1244
739
1474
784
577
784
784
784
955
955
134
946
739
575
1013
1013
1000
1000
1000
977
254
1207
784
739
83
388
524
793
793
947
1104
1104
955
823
884
739
153
577
134
1000
1000
1013
1013
1000
1013
1013
1013
1013
776
68
110
162
23
26
22
11
11
11
75
22
25
32
31
31
59
90
257
42
59
31
6
116
116
475
31
126
203
11
551
134
85
85
863
226
189
226
1147
226
426
1123
1321
187
31
122
64
11
416
350
51
504
31
418
219
1130
27
369
11
39
47
271
134
227
430
430
268
226
227
569
186
478
450
329
485
386
255
146
328
432
430
949
5
21
5
308
485
47
5
21
885
1007
183
123
12
720
70
328
83
134
977
1301
649
59
417
1456
238
361
182
971
697
848
150
743
314
70
715
689
935
898
255
961
1260
1116
963
255
1475
1104
1288
567
1202
1130
1476
1454
806
762
1013
1054
987
676
805
11
252
10
977
886
509
1148
793
947
762
793
1000
1000
1013
1000
947
947
1104
905
946
590
784
449
213
3
33
11
4
126
31
279
25
31
137
102
11
460
178
189
126
126
31
68
178
549
178
310
310
309
375
67
152
200
338
74
295
189
85
417
743
226
719
275
96
12
182
328
226
189
143
134
310
238
427
388
1432
31
60
64
12
352
1
311
311
189
953
532
6
1446
226
217
977
884
189
1092
474
910
265
140
271
310
716
1277
328
178
126
430
300
385
691
328
328
328
1461
102
5
43
1331
801
1461
802
385
1166
908
1096
1096
802
182
430
474
328
189
955
59
327
236
190
1301
1271
689
109
840
181
39
795
1012
32
689
70
268
1296
813
12
311
417
1013
49
339
745
238
189
1079
1112
387
689
689
346
252
328
315
134
12
5
310
189
601
1475
649
226
83
83
784
395
134
247
12
583
252
781
226
579
1
226
134
68
226
425
70
739
226
189
189
134
134
134
134
869
372
329
134
134
509
805
963
963
649
765
689
251
810
200
85
134
134
509
584
275
649
1061
360
5
884
533
585
430
226
83
83
226
886
226
216
611
1086
844
1271
589
320
948
737
388
83
852
471
1154
596
596
388
388
1202
637
388
388
719
308
737
737
786
417
1000
252
1398
320
502
1147
1301
226
320
1073
134
134
977
1016
886
616
134
596
134
134
886
388
1383
564
1157
281
1147
1269
47
646
767
1297
20
11
11
268
44
31
26
72
181
73
32
11
39
27
151
42
31
275
182
11
31
20
31
31
83
31
447
31
426
83
93
134
134
25
85
126
70
484
143
31
143
53
85
85
64
388
143
109
83
134
134
165
451
83
31
316
136
4
328
310
310
310
310
134
134
310
1363
737
310
83
310
134
174
311
83
271
134
142
886
947
226
689
1475
136
598
1420
231
388
793
1325
226
852
835
765
252
19
166
59
131
31
333
64
111
1477
387
109
189
582
439
381
70
360
351
11
136
51
60
12
977
83
134
134
83
39
310
310
649
649
1067
70
1029
765
796
226
746
85
70
134
554
73
252
252
82
93
929
601
350
1171
125
126
143
649
70
586
1008
328
226
312
85
33
311
134
126
152
412
310
839
134
451
1072
278
817
187
234
134
85
83
118
1478
682
93
126
310
442
310
517
351
549
275
123
328
39
292
85
85
219
102
5
509
51
12
5
275
12
791
200
774
271
350
192
70
12
189
1072
788
255
226
310
393
417
739
252
844
1420
924
83
38
134
257
85
12
189
11
112
310
310
372
219
134
134
134
134
699
689
1058
793
1029
22
457
877
93
1202
301
238
47
381
219
689
226
598
182
886
1126
631
730
1093
886
189
39
70
85
226
1000
1201
189
8
182
83
126
417
425
839
178
1089
311
83
140
374
70
762
252
1241
310
451
406
148
689
737
1
809
509
1429
1198
388
604
767
268
311
70
656
134
134
47
134
134
70
360
955
1015
947
1328
947
805
25
126
6
70
93
85
310
83
70
134
557
737
13
689
676
1173
226
645
51
310
764
32
1475
31
310
473
83
1147
206
310
1115
12
93
599
310
235
393
381
52
606
430
584
98
902
311
4
140
32
134
22
70
1117
631
1128
947
83
641
1101
1
123
83
795
919
638
1269
252
227
1073
11
55
11
32
117
31
185
11
25
686
83
83
134
39
560
83
134
134
134
134
451
134
83
781
310
83
386
200
1479
689
1149
183
535
903
1012
676
296
947
947
676
631
1147
320
739
1383
168
67
235
281
31
226
307
509
1008
31
310
310
310
548
226
851
83
83
1479
310
85
102
801
1204
601
733
1282
886
102
134
311
327
502
977
886
388
1301
1147
33
291
388
226
388
134
531
83
226
349
601
3
126
140
439
102
12
848
485
886
310
310
1321
685
226
649
226
649
85
5
417
977
616
31
735
252
33
11
11
350
411
935
1059
489
134
100
311
134
1178
301
886
150
1024
164
474
451
200
426
189
227
450
134
575
226
134
134
431
762
119
135
12
5
51
151
5
70
907
616
27
25
226
32
351
547
134
176
554
295
845
83
1364
5
134
251
417
388
312
226
1016
886
183
78
25
51
226
1414
12
70
946
241
844
38
134
142
573
145
64
70
858
70
719
947
281
281
739
388
6
151
674
109
189
189
11
4
134
451
310
310
310
38
451
134
134
134
83
739
1309
689
689
484
947
953
89
1326
430
34
31
133
67
471
238
368
83
226
391
310
136
268
630
112
509
873
349
809
1177
1357
1321
1203
1343
1254
310
801
1088
360
1012
1000
1467
641
27
311
562
691
826
227
1394
417
388
1169
39
486
285
310
39
83
1032
31
70
83
350
219
533
143
143
328
504
85
805
311
451
381
478
425
371
328
134
83
949
85
70
246
126
235
3
108
406
76
134
774
509
689
83
226
1051
1049
226
83
219
134
553
85
219
189
189
134
451
451
471
1016
70
93
313
83
719
5
328
556
70
1148
975
699
10
227
786
676
39
910
40
1077
686
85
85
274
1089
83
83
719
40
136
148
327
609
1144
451
1207
249
83
615
31
1101
85
85
1109
134
311
134
676
1017
842
310
191
585
93
70
31
83
31
219
32
426
11
116
1217
126
298
913
178
134
134
93
70
764
386
550
85
1437
256
301
51
329
83
414
11
32
631
475
12
217
641
70
70
252
70
83
769
31
252
417
12
85
947
1480
39
85
93
478
430
123
83
886
616
126
281
883
385
83
167
310
67
451
311
1002
102
83
83
311
140
12
38
310
274
32
989
38
113
134
834
310
83
83
793
451
134
581
11
39
822
134
252
39
32
310
1012
83
25
310
134
560
485
134
1079
68
790
167
103
310
93
531
1003
451
1369
516
451
39
817
340
631
31
535
789
1477
425
360
27
51
647
126
1132
360
85
977
126
1203
226
25
27
1033
1026
83
310
305
226
134
11
219
39
83
630
134
134
1239
510
134
801
1046
123
1206
134
134
968
1013
759
408
171
219
270
126
64
85
126
83
83
955
47
2
602
196
1381
1131
67
601
929
85
11
83
134
697
83
689
83
311
134
83
311
151
85
183
27
311
83
83
38
38
551
31
1191
39
451
484
85
268
39
509
543
462
1481
649
616
335
310
43
511
485
511
182
124
484
511
27
183
1
484
4
485
183
5
93
529
123
31
470
126
48
27
64
405
388
805
537
123
328
31
586
108
1223
388
146
475
12
226
372
351
85
703
67
1026
884
294
312
85
477
116
954
98
11
380
226
1482
718
985
39
1089
318
1159
719
11
4
134
413
986
31
85
31
543
227
351
126
126
85
126
126
58
509
11
11
288
1364
126
59
62
226
31
430
331
27
288
25
22
288
31
873
82
520
84
332
1437
1159
11
27
1046
64
544
509
893
451
25
39
1395
134
1159
167
111
1287
799
134
1387
1
431
1120
1432
1079
187
381
895
73
1483
11
647
31
801
1262
93
134
252
1374
252
1071
955
318
208
1468
805
181
111
332
955
1374
281
126
558
1242
22
1300
762
1074
793
1371
805
311
83
1467
31
388
295
67
1421
93
1205
665
47
152
470
968
1033
955
469
11
226
1244
252
39
1046
113
454
31
22
1057
111
671
6
1469
784
347
1052
226
1094
873
708
728
1036
226
1447
476
676
1243
886
1484
799
226
762
1485
810
109
732
275
1033
359
388
85
1255
252
1396
126
226
226
719
5
455
85
31
582
417
281
388
1414
315
31
858
252
496
252
950
226
134
5
876
867
784
1373
1152
370
1171
806
234
153
64
250
36
1058
226
226
85
