1
2
3
4
2
3
3
5
6
2
2
3
5
5
7
5
8
9
10
4
9
5
5
5
5
11
9
11
10
12
13
12
14
14
15
4
4
4
4
2
4
4
4
4
4
5
5
4
4
5
13
13
13
13
16
13
13
17
4
13
13
18
18
5
19
20
4
18
18
13
13
18
18
18
7
13
21
18
18
18
18
13
22
18
23
14
8
1
4
4
4
4
4
4
4
4
4
4
14
3
4
4
4
4
4
4
4
4
4
4
4
4
4
18
4
4
5
4
4
4
4
4
4
4
5
13
4
4
4
4
4
4
4
4
4
4
3
4
4
4
4
4
4
4
4
4
4
3
4
4
4
4
7
4
5
5
4
4
4
3
4
4
4
4
4
4
4
4
4
4
4
4
4
4
4
18
3
4
4
3
3
4
5
4
4
4
4
4
4
4
4
4
4
4
4
4
4
4
4
4
4
4
4
4
18
18
4
4
4
3
4
1
3
4
4
5
5
4
4
4
4
24
4
18
3
4
4
4
4
5
3
3
4
4
16
14
13
18
14
14
14
14
1
18
18
4
4
4
3
4
4
4
18
4
5
14
4
18
13
18
18
13
13
3
18
18
5
4
4
4
18
4
18
18
4
4
4
25
5
5
4
13
4
4
4
13
4
4
3
13
18
5
18
5
4
4
5
4
18
4
4
18
18
13
13
13
18
7
18
4
18
5
18
18
18
18
18
18
18
18
13
18
13
18
26
18
7
18
13
13
13
27
13
13
13
13
28
18
18
29
18
18
18
30
18
13
13
13
13
18
27
18
18
18
13
13
27
18
13
13
13
27
27
18
13
13
27
27
13
31
32
4
13
7
13
13
5
7
18
18
18
13
18
18
18
13
7
18
13
13
18
13
14
14
18
13
13
13
13
13
18
18
13
13
13
13
13
13
13
27
13
13
13
17
5
18
18
18
13
18
4
18
13
27
33
14
13
13
13
14
18
13
18
13
18
13
5
13
18
18
18
18
18
5
13
13
13
14
18
27
13
18
34
5
14
17
18
18
18
18
18
14
13
7
13
27
18
35
18
18
18
23
18
13
18
18
18
13
13
18
18
18
18
5
33
33
8
33
33
33
33
33
4
14
14
4
13
4
4
4
4
18
4
4
4
4
4
4
4
4
4
5
4
13
14
4
4
4
4
4
4
4
4
4
4
4
4
36
36
18
4
4
4
4
4
4
4
4
4
4
18
4
4
4
18
13
4
13
1
4
4
4
4
4
4
4
4
4
4
13
4
24
37
18
18
4
14
4
4
3
3
4
4
4
1
4
4
14
13
18
14
13
13
18
27
38
4
37
4
4
18
1
5
4
3
4
13
13
13
13
13
3
18
18
18
18
18
18
4
18
4
4
4
5
4
13
13
13
13
13
13
13
13
27
7
5
18
18
4
18
18
18
18
18
18
18
18
18
18
18
4
4
18
13
7
13
13
13
13
13
13
18
13
13
13
13
27
13
13
18
18
18
18
18
18
18
18
18
18
5
18
18
18
13
33
13
13
13
13
13
13
14
13
17
27
13
13
13
13
13
7
27
7
39
18
18
4
18
4
18
18
18
18
18
18
18
18
18
18
18
18
18
18
33
18
16
16
14
40
14
27
13
13
17
17
17
30
18
18
18
18
18
18
18
18
18
18
18
18
18
18
18
18
18
5
13
13
13
39
13
13
18
5
18
18
18
18
18
18
18
18
18
18
18
18
18
18
18
18
18
18
18
18
5
13
13
13
17
13
33
18
18
18
18
18
30
18
18
18
18
18
18
18
18
18
5
14
27
41
18
18
18
18
7
18
18
18
13
18
30
18
27
13
7
13
18
18
18
18
18
18
18
18
18
13
13
18
14
7
13
17
18
13
18
27
18
13
14
18
18
18
18
18
13
18
13
13
7
33
33
33
13
33
33
33
33
33
33
33
33
33
33
33
33
33
33
33
33
33
33
33
33
33
33
33
33
33
33
33
33
33
33
33
33
42
42
18
14
14
14
18
4
30
4
18
13
43
18
18
4
18
4
18
18
4
4
18
4
18
4
4
15
4
14
1
37
18
13
4
4
4
4
13
4
13
14
1
18
4
18
4
1
36
36
36
1
36
36
14
44
13
13
4
4
4
4
4
4
18
4
4
4
4
4
13
45
45
13
46
37
4
4
18
4
18
4
18
4
4
4
13
4
13
13
13
13
13
13
13
13
18
4
18
18
18
18
18
3
5
13
4
18
13
13
13
13
13
13
13
13
13
13
5
4
1
13
18
4
4
18
18
47
18
13
13
13
13
13
13
27
13
13
13
18
18
18
18
18
18
18
18
13
13
13
7
27
4
18
18
18
18
18
18
4
18
18
18
18
18
18
4
18
13
13
13
13
13
18
18
18
18
18
18
18
18
18
18
18
18
18
23
18
33
18
5
27
7
18
48
18
18
18
18
18
18
18
18
18
18
18
18
18
18
18
18
49
17
18
18
18
18
18
18
18
18
18
13
18
18
18
18
18
18
13
18
14
18
18
13
5
27
50
5
18
18
18
18
18
18
18
18
4
14
13
13
13
27
18
14
14
18
18
18
18
18
23
18
18
18
13
14
13
27
14
18
18
18
18
18
18
18
27
18
18
51
13
5
14
14
17
18
27
18
13
13
13
14
18
18
18
18
18
18
17
18
14
18
18
18
14
14
13
4
27
44
52
33
33
33
33
33
33
33
33
30
13
13
20
18
33
33
33
33
33
33
33
33
33
33
33
33
33
33
33
33
33
33
33
33
33
33
33
33
33
33
33
33
33
33
33
33
33
33
33
33
33
13
53
33
33
42
42
18
30
13
4
18
4
4
18
18
1
15
13
13
4
4
18
13
13
54
13
4
18
18
4
1
54
13
13
18
18
4
4
14
18
18
4
4
4
1
1
1
13
13
5
18
18
3
55
36
1
1
1
1
1
13
14
56
44
13
36
1
18
13
13
18
18
4
18
4
4
4
4
13
18
4
4
4
15
57
4
18
18
18
18
18
18
18
18
18
18
18
13
13
13
1
37
1
4
4
4
4
4
4
18
18
18
13
13
13
13
13
18
4
1
37
1
4
4
18
18
18
18
4
13
13
13
18
18
18
18
18
18
4
4
13
13
13
7
4
18
18
18
18
18
18
18
18
18
13
13
13
13
13
13
43
13
13
50
2
58
4
18
18
18
18
18
13
18
18
18
18
18
18
18
18
18
18
18
18
18
18
5
13
13
13
59
18
4
18
18
18
18
18
18
18
18
18
18
18
18
18
18
13
13
13
13
13
27
27
30
5
18
18
18
18
18
18
18
18
13
14
18
1
18
18
18
18
14
18
18
18
18
18
18
18
18
41
18
18
18
18
18
18
18
14
18
18
4
13
13
18
18
44
18
18
18
27
14
14
14
13
27
7
18
18
13
18
60
50
13
18
18
14
18
13
27
14
30
2
18
33
33
14
33
42
13
14
41
33
33
33
33
33
33
33
14
53
33
33
33
33
33
33
33
33
33
33
33
33
33
33
33
33
42
42
42
42
42
42
42
42
42
42
42
54
42
44
13
18
4
13
4
4
4
14
13
15
1
4
13
14
4
13
15
13
61
14
4
18
4
18
4
13
14
14
14
14
18
18
4
44
4
14
62
13
13
4
4
18
4
18
4
63
63
18
18
36
64
1
1
44
1
36
36
36
13
52
18
18
18
18
13
13
18
18
18
4
4
18
18
18
18
4
4
13
13
13
7
7
7
4
65
18
18
18
18
18
18
18
4
4
4
4
66
13
13
4
18
18
18
18
4
18
18
39
13
28
13
13
13
13
4
4
18
4
13
18
18
18
18
18
18
13
24
13
13
13
13
13
5
4
1
18
18
18
18
18
18
18
4
13
14
13
13
13
19
5
18
18
18
18
18
18
18
18
18
18
18
5
13
4
18
18
18
18
18
18
18
18
18
18
18
18
18
5
13
13
18
18
18
18
18
18
18
18
13
13
13
27
52
1
18
18
18
18
18
18
18
13
13
27
13
18
18
18
18
18
18
18
33
33
14
5
14
60
13
5
5
5
18
18
14
18
14
14
27
18
18
18
18
33
18
27
27
27
20
18
18
14
18
18
39
30
13
27
27
27
13
18
27
14
27
14
13
5
20
18
18
18
67
14
18
14
41
18
18
18
18
18
18
18
33
42
18
18
18
33
14
14
14
18
23
23
33
14
33
33
39
18
14
27
13
42
33
33
33
13
18
33
33
42
18
33
33
33
23
42
30
42
42
42
42
42
68
13
14
14
18
13
13
13
14
13
14
1
18
4
4
1
1
13
1
14
14
18
14
39
4
18
18
18
18
1
13
1
4
4
13
18
37
13
13
13
54
4
4
4
4
18
4
18
13
13
13
13
30
18
4
18
65
18
18
18
18
18
1
13
36
1
1
62
13
1
4
13
13
13
18
13
18
18
64
13
13
18
18
13
1
18
4
4
18
4
69
13
18
18
4
4
18
18
4
18
13
13
13
13
13
13
13
4
18
1
18
18
70
3
14
18
18
13
13
4
18
18
18
18
18
18
18
18
13
18
13
13
44
18
18
18
18
18
18
18
14
18
18
5
13
13
18
18
18
18
18
18
14
18
4
30
18
18
18
18
18
18
18
18
18
18
18
18
14
18
18
14
13
13
27
1
1
18
18
18
18
18
18
18
18
18
18
18
18
58
13
13
1
44
18
18
18
18
18
18
33
13
13
13
13
13
13
13
13
14
18
4
18
18
18
71
27
17
13
13
1
18
44
18
18
18
18
5
13
14
50
33
1
1
44
18
18
44
72
14
14
13
13
18
18
18
18
18
14
14
13
14
18
5
18
1
14
14
39
14
14
42
13
33
18
73
64
39
14
27
18
18
18
33
33
33
14
13
14
13
18
18
18
18
18
18
18
33
33
18
18
14
42
18
18
18
18
33
23
23
23
13
13
14
33
33
14
33
13
44
18
74
18
74
33
18
18
75
14
33
33
74
23
42
42
42
42
42
4
71
42
42
54
76
14
77
26
42
15
13
39
13
15
4
1
13
13
1
1
1
36
18
4
18
18
37
4
42
4
4
13
13
14
1
4
18
4
4
4
4
18
4
18
14
18
18
4
18
1
4
13
13
4
13
13
18
18
37
4
18
18
77
18
18
4
4
18
1
4
13
1
13
13
13
18
18
4
4
18
18
4
18
18
18
13
1
64
36
1
13
13
13
30
71
2
5
18
18
4
1
14
13
13
13
13
13
13
13
13
18
18
1
18
44
18
4
13
13
18
18
18
18
18
18
4
18
18
18
18
3
13
18
33
13
18
18
18
18
78
79
13
1
4
18
18
18
18
18
80
47
18
33
18
13
13
13
13
18
18
18
18
18
18
18
18
18
13
13
5
30
45
18
1
18
18
1
18
18
18
18
18
14
13
65
37
18
18
18
18
18
18
14
14
18
13
18
1
13
18
18
18
44
14
18
18
13
14
44
14
33
14
14
13
13
13
14
14
1
18
18
14
81
13
18
18
18
18
18
13
14
14
2
18
18
18
18
18
18
14
18
18
18
27
30
13
14
41
18
18
18
27
18
13
14
27
13
30
44
1
18
27
14
72
13
13
14
27
13
18
14
74
74
14
30
14
13
14
14
27
13
44
33
14
14
74
14
14
31
27
13
18
18
74
74
74
33
30
18
13
13
27
27
18
18
74
74
74
33
13
13
14
13
13
36
27
42
74
14
14
33
74
33
33
33
13
1
27
13
27
14
23
33
18
42
14
14
18
18
14
1
82
33
33
33
33
46
42
42
42
42
42
42
14
54
14
74
42
42
42
42
42
42
42
54
4
13
13
42
42
1
14
14
13
4
13
14
14
14
14
18
4
18
43
18
18
18
13
13
13
4
18
18
18
18
18
18
18
18
14
37
43
83
18
18
18
18
18
18
18
18
4
13
64
13
18
18
18
18
18
18
18
4
1
4
63
1
1
40
5
18
18
4
18
4
13
1
13
13
18
1
18
18
13
1
36
18
13
13
7
18
84
1
18
33
13
13
13
36
18
18
18
18
18
18
18
13
85
18
1
4
13
18
18
28
33
13
13
1
18
30
5
13
1
1
14
18
14
18
18
13
13
28
1
18
18
18
18
47
13
7
86
1
1
18
18
18
30
13
13
39
13
14
13
7
7
14
7
18
1
18
4
13
24
13
1
18
1
18
18
27
13
13
34
44
14
13
13
13
1
18
18
13
14
14
31
13
30
44
44
44
18
14
31
78
27
18
18
14
18
14
14
1
13
13
27
34
27
14
44
44
18
18
14
74
13
13
18
18
18
18
74
74
14
14
27
27
87
18
14
14
18
74
74
23
23
74
14
14
13
14
13
27
27
14
74
74
23
74
14
27
39
41
18
74
74
14
13
27
14
18
14
74
74
74
74
33
33
33
14
14
18
13
14
14
27
27
27
27
27
27
30
74
74
74
74
33
33
33
33
88
88
14
81
18
14
23
33
33
23
14
27
14
14
36
33
33
89
14
27
51
27
27
14
18
51
33
33
33
42
33
33
42
33
54
87
71
42
42
42
42
42
1
5
90
13
13
42
42
11
71
15
4
37
42
42
42
14
14
14
15
13
4
14
54
71
54
14
1
18
13
13
18
18
18
18
18
4
4
4
4
1
1
1
1
54
18
18
18
18
18
18
18
39
15
37
18
18
18
18
18
18
23
14
14
13
14
77
18
18
18
18
18
18
18
18
1
13
1
1
4
69
18
4
13
1
13
18
91
1
18
13
13
18
18
92
1
13
1
1
13
18
39
44
18
18
13
17
17
18
18
1
1
1
1
18
18
28
13
13
86
18
18
42
92
13
1
14
1
1
1
18
18
13
13
13
17
18
1
1
44
1
80
13
93
86
86
13
94
18
1
1
18
1
5
1
18
20
7
1
1
18
18
18
18
18
18
18
13
13
13
32
17
20
41
20
20
1
18
18
4
18
18
1
13
13
34
20
20
20
20
20
20
20
95
18
18
18
14
13
13
14
14
20
20
14
7
14
18
18
18
18
14
96
13
13
13
14
14
14
14
14
14
18
30
13
97
13
14
1
18
18
14
95
14
13
14
13
95
14
44
1
18
1
14
13
27
31
78
13
31
14
13
13
13
7
80
70
1
18
98
74
74
74
74
74
74
14
14
30
14
27
27
13
14
14
14
18
18
14
74
74
74
74
74
74
30
78
13
27
27
91
87
32
14
1
18
18
14
74
74
74
23
14
14
14
13
14
13
27
13
13
86
20
30
44
18
74
23
33
33
33
14
74
13
27
14
78
14
14
30
18
74
74
74
74
33
33
14
1
42
18
27
27
27
27
99
87
33
14
74
33
14
14
14
13
18
13
27
27
27
27
14
42
14
14
14
33
33
14
14
14
27
51
14
27
14
14
18
14
27
14
27
100
14
27
33
18
18
14
51
27
1
14
27
33
18
51
14
33
33
18
18
14
33
33
33
33
33
30
71
33
42
87
54
33
42
71
33
74
42
42
42
54
71
42
42
42
42
42
42
42
42
42
42
30
52
101
4
13
13
13
42
42
42
42
102
18
14
13
13
15
42
42
94
1
94
94
94
61
18
18
18
18
70
18
37
54
18
18
1
4
1
4
23
44
13
18
18
18
14
18
18
18
77
18
14
18
18
18
18
4
1
1
1
18
18
18
18
18
18
18
18
84
18
18
18
77
77
77
18
18
18
1
13
18
18
18
18
4
77
1
18
18
18
18
15
1
1
18
13
13
33
18
18
103
18
18
1
1
44
28
18
1
1
1
1
1
1
18
14
13
5
13
18
18
1
1
1
1
18
18
95
39
18
1
14
44
18
71
44
13
18
18
5
13
4
7
14
14
14
14
14
91
13
7
1
18
18
18
18
18
14
18
70
14
13
39
1
14
70
13
7
13
104
5
44
18
18
18
18
14
18
14
39
14
105
18
18
18
13
13
39
18
18
18
27
14
13
13
30
18
18
18
18
14
1
1
13
27
78
33
44
18
18
14
14
1
30
27
97
18
18
18
13
14
14
14
14
14
94
30
44
14
18
14
18
74
74
74
74
14
81
17
18
70
14
74
74
74
14
39
27
27
27
14
18
18
44
18
18
18
14
14
14
14
42
14
27
27
30
18
18
18
18
18
74
33
33
13
78
27
27
27
14
27
13
14
18
18
74
74
33
14
27
27
27
27
14
27
34
27
14
30
14
14
75
33
42
14
13
27
27
27
27
106
1
75
33
88
18
14
27
14
14
107
27
14
14
14
33
33
13
42
14
13
14
14
14
18
51
51
18
14
13
33
33
33
42
23
30
33
42
42
42
42
42
42
42
61
71
33
42
30
76
42
42
42
102
13
42
30
14
4
42
42
42
14
102
4
13
15
74
42
30
18
18
18
4
1
4
39
18
18
4
33
1
13
28
13
18
1
15
18
18
18
18
4
1
18
15
13
13
13
76
102
14
18
18
18
18
1
44
13
36
18
18
14
18
18
18
18
18
18
57
1
1
13
13
13
86
36
13
20
18
18
18
18
18
18
18
44
18
18
18
18
18
13
13
18
18
18
18
18
1
1
18
18
13
77
18
1
1
13
71
18
18
1
18
18
18
39
18
18
18
44
18
18
18
14
80
14
90
13
13
13
13
39
18
1
39
14
108
14
18
1
44
44
18
18
80
14
14
14
39
13
30
13
13
7
30
1
18
18
18
72
14
14
1
14
13
78
18
18
18
18
18
13
14
14
109
18
14
39
13
18
44
18
18
14
1
14
28
14
44
14
14
14
14
14
14
14
14
14
14
13
14
13
27
14
110
18
13
18
18
39
14
13
13
13
13
13
14
14
77
77
14
14
14
14
78
13
14
27
27
7
13
18
13
18
14
14
74
13
13
27
14
18
51
18
74
14
14
13
78
13
13
13
14
27
27
14
51
51
18
14
74
33
74
33
14
14
13
13
18
14
14
78
78
27
90
57
14
23
33
23
14
14
90
27
27
39
14
30
74
14
99
27
13
27
18
14
74
14
14
42
14
14
111
75
33
14
14
14
33
33
14
14
74
14
14
14
14
42
14
14
14
14
14
27
14
14
14
14
14
14
14
14
14
14
14
18
14
14
42
14
14
37
36
36
36
112
113
113
27
111
42
18
14
30
114
33
33
33
33
42
77
33
42
42
42
74
33
42
42
33
42
42
33
42
42
42
42
42
42
42
42
17
42
42
42
42
42
7
33
42
42
42
42
42
42
42
61
102
30
115
42
42
42
42
42
42
54
91
102
115
42
18
42
42
115
115
13
15
4
42
42
42
42
42
42
94
94
94
94
15
64
42
94
5
54
18
15
94
30
30
18
18
18
18
71
39
18
18
30
30
54
18
18
18
18
18
18
18
18
13
51
36
54
18
77
4
1
1
30
18
18
33
4
37
36
18
1
36
39
14
13
13
18
13
116
18
18
18
18
13
13
18
44
77
18
18
13
13
117
18
18
39
13
36
18
14
18
14
1
7
44
18
4
27
14
2
18
18
18
44
95
18
18
18
13
4
18
18
77
18
44
18
14
39
13
13
13
13
18
39
14
13
13
14
1
14
1
13
71
18
18
18
14
14
14
14
14
44
1
18
18
1
18
30
13
30
44
14
14
14
30
13
13
13
71
37
18
14
14
14
13
27
107
14
18
18
78
27
44
44
18
18
14
74
14
78
14
14
14
14
27
78
44
44
14
23
74
30
14
90
14
27
27
14
14
33
18
51
44
51
51
14
14
74
33
23
33
33
23
33
33
14
14
14
62
30
39
90
14
14
14
99
42
27
27
18
14
31
14
36
14
78
42
13
44
14
14
33
33
14
13
1
39
1
14
14
14
74
14
116
74
33
14
14
33
14
14
14
14
14
14
14
14
99
14
75
14
14
14
14
14
14
14
14
14
14
14
95
74
14
14
14
14
14
36
36
14
14
14
42
23
13
33
51
42
14
51
90
14
33
33
74
42
42
42
74
42
33
42
42
42
42
42
42
42
42
42
42
33
42
42
4
74
74
33
42
42
42
33
42
42
42
42
33
42
77
33
42
42
94
94
115
42
42
42
54
94
87
30
15
15
42
71
54
69
91
42
71
102
115
42
42
42
42
42
42
42
42
30
115
13
42
30
115
54
54
39
69
13
52
30
1
54
30
18
18
37
39
13
13
18
18
1
13
18
4
18
4
44
36
64
30
30
18
18
118
1
37
64
39
13
36
18
18
18
119
1
1
119
1
69
30
18
18
1
1
94
36
14
13
36
18
18
18
1
39
64
71
18
18
18
18
18
18
14
71
59
1
18
18
18
14
18
18
18
18
18
36
62
5
18
14
14
4
36
13
1
14
64
112
120
13
18
44
4
18
1
14
39
39
13
13
7
2
18
14
1
1
1
13
13
13
13
7
13
116
1
1
1
71
14
13
39
1
18
18
14
1
44
13
18
18
14
36
5
13
1
1
18
18
14
14
78
121
78
31
110
18
14
14
14
122
14
37
44
18
14
14
14
123
14
44
1
1
18
14
14
78
39
18
124
74
14
1
1
39
14
13
1
18
14
74
74
74
14
14
95
14
18
14
42
44
74
33
14
14
30
39
125
14
90
14
14
14
14
99
18
18
33
33
14
125
14
14
13
14
27
36
14
74
33
14
126
1
14
27
27
27
27
42
14
30
89
74
39
14
14
14
14
14
14
14
14
14
14
14
36
90
14
14
14
14
14
14
36
74
74
127
36
1
36
112
36
37
36
36
128
36
129
36
14
23
74
14
90
14
14
130
14
44
14
36
40
14
99
14
42
90
44
26
14
33
33
44
90
71
33
42
33
42
42
42
33
42
42
42
71
94
42
33
42
33
77
42
33
17
33
33
77
77
42
42
115
102
54
42
33
42
42
33
42
14
115
1
36
1
15
15
15
42
30
131
115
115
102
115
15
15
1
42
54
115
43
64
15
39
64
30
102
102
75
13
14
39
54
30
15
39
54
18
18
18
18
18
91
30
71
30
54
18
4
64
132
64
54
18
18
18
18
4
13
1
37
1
133
1
39
54
115
115
107
33
18
18
13
13
39
5
30
107
112
39
18
18
33
1
4
44
13
18
18
134
18
18
1
1
1
64
99
18
18
18
18
18
91
1
13
64
107
77
18
18
118
44
118
13
13
18
18
18
18
18
64
13
13
135
18
18
18
18
18
128
66
39
13
1
39
104
84
18
18
39
13
13
18
14
112
14
13
7
18
18
136
64
39
1
20
59
30
18
18
14
59
13
13
91
18
4
1
14
14
30
1
14
44
18
59
14
24
14
14
13
1
14
14
13
1
1
14
112
1
1
13
14
39
14
24
39
30
18
14
14
14
126
13
104
39
44
84
136
14
36
90
91
99
14
44
1
18
18
14
59
36
31
14
14
1
14
14
14
14
112
14
30
44
51
23
33
13
42
27
13
1
1
14
44
74
23
23
33
33
33
33
33
33
74
14
14
14
14
14
14
91
74
33
33
33
30
18
14
14
18
33
33
39
14
14
30
14
107
36
137
1
33
14
14
14
51
14
36
36
37
36
36
36
37
112
14
36
14
14
90
36
36
112
36
112
74
14
14
14
14
36
13
14
30
33
33
51
14
90
14
90
90
14
13
90
36
42
42
42
42
42
42
77
42
42
42
42
42
74
42
42
42
94
61
42
42
33
138
33
42
94
61
94
54
42
42
77
18
42
42
42
42
33
42
42
115
30
15
14
64
1
54
54
54
2
115
84
5
52
3
1
115
18
4
39
37
39
7
13
44
54
115
30
18
63
51
36
39
18
18
18
1
64
14
39
107
99
39
1
1
1
1
1
37
37
64
18
18
1
64
64
36
1
18
18
18
1
14
39
39
139
130
36
18
18
18
1
64
39
36
71
18
18
18
18
18
18
118
44
39
39
90
1
99
39
71
18
84
18
18
118
1
136
95
39
99
39
39
13
13
71
18
18
18
18
71
13
90
13
13
59
18
18
84
18
18
136
39
140
91
13
141
13
20
39
18
18
1
1
91
39
39
5
18
18
136
13
18
136
14
14
120
18
18
18
18
18
71
63
14
30
1
130
1
13
13
13
18
57
84
24
1
13
112
1
18
5
13
18
18
33
14
13
13
13
30
39
18
14
14
1
18
39
1
121
1
1
136
14
1
1
44
14
36
13
54
14
1
1
18
44
18
18
18
14
71
44
1
44
18
69
74
42
107
23
1
18
14
14
99
74
44
44
44
14
33
33
33
33
33
33
14
14
30
44
51
14
74
33
33
33
33
33
33
33
14
14
14
14
30
44
33
33
33
14
87
14
75
51
14
74
33
33
14
14
1
36
36
75
75
74
74
74
74
14
36
36
36
112
36
36
36
36
142
112
37
37
112
36
82
112
14
14
74
14
14
36
36
113
36
112
36
143
128
112
90
95
90
14
137
14
1
31
14
36
13
29
14
14
33
33
33
42
42
42
33
33
42
33
33
42
42
33
42
42
42
74
77
33
77
42
42
42
33
42
74
33
33
42
33
77
42
94
42
33
30
28
115
102
42
42
144
115
145
30
37
64
33
33
42
13
15
15
146
54
115
15
18
147
148
4
30
140
133
90
90
84
18
18
30
30
94
90
30
30
115
115
30
18
18
84
14
13
54
1
1
15
39
115
84
1
37
37
13
39
115
71
112
39
1
1
39
39
117
4
84
18
1
18
1
1
1
13
39
39
77
149
18
18
84
134
1
1
37
37
56
150
39
39
13
30
84
18
18
18
18
18
106
1
39
39
1
36
64
18
84
84
84
18
18
84
18
18
4
71
14
136
141
36
1
135
91
18
18
1
1
14
39
141
135
34
36
39
71
18
18
18
18
18
18
18
44
44
13
36
30
18
18
18
18
18
13
13
13
18
14
14
91
13
44
5
30
30
18
18
18
14
126
36
18
84
84
134
57
14
129
39
107
13
39
4
13
84
18
69
84
14
18
18
59
39
1
1
141
44
44
120
1
101
18
18
84
14
24
1
1
18
24
5
14
1
44
18
44
44
120
18
5
36
1
74
14
78
1
14
136
14
14
14
14
151
33
44
44
44
44
44
44
44
44
14
14
14
14
44
4
44
44
44
29
33
74
14
30
71
30
36
30
152
44
44
14
33
33
14
14
30
14
14
18
51
44
14
23
33
33
33
33
33
14
37
36
39
74
75
74
14
14
14
36
57
74
74
74
14
30
36
36
36
153
74
74
74
74
14
75
14
30
78
74
14
90
18
44
14
31
14
154
14
14
33
14
155
36
14
1
74
14
14
42
42
42
42
33
33
33
42
33
33
33
42
33
33
33
42
42
94
94
87
30
94
30
33
42
30
94
30
33
30
30
30
30
18
156
39
30
39
157
39
3
36
47
64
54
5
13
13
15
15
83
30
18
33
77
30
30
52
18
158
77
30
54
84
18
52
115
30
54
30
30
18
71
13
64
14
5
18
84
1
1
117
36
5
17
84
1
1
1
36
1
1
1
159
1
36
14
13
36
47
36
18
18
84
1
1
1
13
18
18
18
84
18
84
18
18
14
160
37
90
14
13
18
18
18
18
1
13
1
36
135
13
36
1
161
18
162
18
18
18
1
1
14
36
13
13
36
36
84
44
44
18
42
1
90
36
36
116
18
18
18
130
107
163
5
18
80
84
18
14
14
36
13
18
14
91
39
59
45
18
14
39
14
39
7
5
36
59
59
59
14
136
13
3
44
1
13
44
18
14
14
164
14
1
1
44
120
1
14
5
14
1
1
1
1
14
78
37
1
1
44
44
1
44
165
14
14
13
34
99
44
44
44
44
14
14
99
121
14
14
34
56
44
44
44
33
14
14
81
36
74
1
29
33
14
30
30
74
44
44
75
33
33
33
33
33
33
33
17
36
36
42
44
74
33
33
33
33
33
33
33
74
14
74
14
33
33
136
14
14
36
23
74
23
14
14
14
74
39
74
74
14
42
90
90
74
74
74
14
14
44
14
14
33
14
14
14
14
51
51
14
14
74
33
51
51
90
14
13
14
99
42
33
42
42
33
42
33
33
42
33
33
33
33
33
33
33
33
33
42
42
74
94
94
94
74
112
74
74
94
30
28
94
5
94
33
33
71
115
102
64
33
30
18
18
30
115
115
30
18
30
44
71
30
54
84
18
64
69
64
166
54
166
84
18
18
1
44
167
107
112
1
1
1
168
39
84
18
1
1
1
1
1
39
13
39
84
18
18
18
18
120
169
39
1
36
36
170
36
37
1
18
18
18
1
84
84
36
36
37
14
18
120
14
84
13
13
1
39
36
44
18
84
84
1
44
107
36
39
14
80
1
44
91
1
1
1
18
44
1
18
18
44
13
135
36
18
84
18
1
13
14
18
18
18
36
1
27
171
18
18
18
14
14
44
14
44
59
1
18
140
14
14
14
14
1
44
14
36
14
84
1
14
44
14
14
14
30
84
44
13
122
122
137
44
56
56
44
44
44
44
14
81
122
44
44
44
44
89
44
30
112
33
14
14
172
44
44
44
44
44
33
33
23
42
14
87
74
36
33
33
33
33
14
14
14
14
14
136
14
74
74
14
90
90
74
14
14
14
14
30
14
14
173
36
14
74
33
42
33
33
33
33
33
33
33
33
30
33
33
33
33
33
33
42
33
42
24
54
33
36
94
94
94
33
33
33
33
33
94
30
33
33
33
42
54
115
115
71
52
174
157
102
102
175
64
33
33
54
94
54
145
157
33
33
30
71
71
115
71
4
69
71
30
5
59
30
30
4
18
18
77
102
115
18
69
69
84
15
5
5
115
115
99
18
1
126
39
39
39
115
5
39
18
84
18
1
47
37
4
30
18
18
1
1
37
7
84
1
39
18
84
84
37
37
36
39
18
1
1
159
158
1
1
1
36
37
37
36
36
36
145
18
18
1
44
1
1
39
176
18
84
1
37
1
37
51
18
69
1
37
1
100
36
1
1
37
37
18
160
84
18
36
99
18
1
14
36
3
163
84
18
84
14
36
36
18
84
69
18
18
107
14
18
177
100
18
109
1
18
14
44
44
18
18
101
7
5
5
1
1
59
44
1
136
136
54
30
99
33
1
44
89
178
14
30
30
128
93
36
1
56
44
44
44
44
44
44
14
14
7
30
14
44
56
44
44
13
30
81
179
122
30
14
74
101
33
14
30
33
33
33
33
33
33
33
33
33
33
30
51
33
33
33
33
33
33
33
90
180
90
90
90
90
90
90
99
33
74
14
14
14
180
36
180
90
90
90
180
180
90
90
90
90
90
90
90
90
90
90
90
90
90
36
90
23
23
180
180
90
90
90
90
90
90
99
90
90
14
90
90
90
90
90
74
74
74
14
90
90
90
90
181
90
90
90
90
99
14
30
90
90
90
90
90
90
90
90
90
90
90
90
74
90
90
90
90
90
90
14
14
42
14
14
14
90
99
107
90
14
182
14
30
14
33
33
33
33
94
33
33
33
33
33
33
33
33
33
33
33
30
74
33
94
102
33
102
54
30
183
71
30
52
71
94
184
115
115
115
115
33
71
30
18
42
33
33
115
115
102
115
102
71
54
30
69
30
5
54
115
30
54
115
30
54
84
84
18
64
42
5
30
115
54
30
54
18
18
69
71
71
30
30
30
102
102
1
18
156
64
115
30
54
18
18
109
18
18
39
30
39
30
18
69
185
1
36
128
39
71
44
18
119
36
64
99
109
84
84
18
18
1
39
36
84
18
1
1
1
1
1
37
44
128
64
36
1
1
130
37
36
37
36
36
1
1
1
125
37
37
139
1
1
1
1
37
36
112
37
14
36
139
30
39
36
82
36
44
5
52
5
30
5
64
91
1
44
44
5
5
5
5
30
5
5
30
5
5
5
5
109
37
130
36
36
5
176
5
5
5
5
5
2
3
5
5
5
5
5
44
84
136
1
3
3
5
5
5
3
3
3
3
3
3
3
3
18
18
44
84
69
44
5
3
3
3
3
3
5
3
3
5
3
3
3
3
3
3
36
36
3
3
3
3
3
2
18
84
3
84
18
84
51
14
18
44
14
13
14
14
44
44
18
18
18
44
14
3
44
44
44
84
178
5
1
1
178
89
44
44
44
44
44
44
44
14
14
74
44
44
44
44
1
14
30
44
51
14
30
44
29
30
14
33
33
1
1
44
180
90
90
44
33
33
33
33
33
33
14
14
44
180
90
90
90
186
90
90
90
90
26
90
90
90
90
33
180
180
180
90
90
90
90
90
90
90
90
90
90
90
90
90
90
90
90
14
14
14
14
90
90
90
90
90
90
90
90
90
90
90
90
90
90
14
90
90
90
90
90
90
90
90
90
90
90
14
42
33
90
90
90
90
14
51
74
90
90
90
90
90
90
74
74
14
30
14
111
74
30
130
14
14
14
99
130
173
14
74
33
33
33
33
33
33
33
33
33
71
33
33
71
33
33
33
30
33
42
33
33
39
71
102
71
71
71
30
33
33
30
30
187
102
33
33
33
54
30
71
54
54
54
54
30
30
99
94
54
94
54
54
94
71
54
54
115
4
33
54
54
54
30
54
54
115
115
102
5
102
102
115
115
3
187
30
54
43
64
33
54
3
94
30
61
30
71
54
54
30
54
54
52
71
54
54
42
42
30
94
30
76
76
54
54
54
54
54
30
54
188
54
189
18
18
84
69
84
190
52
54
30
30
102
30
5
115
54
75
69
47
30
54
115
30
54
1
54
18
29
84
71
115
76
115
102
30
99
18
115
39
84
84
18
128
37
84
36
36
139
44
1
44
84
1
1
1
39
84
1
1
37
37
37
120
37
37
36
36
84
44
1
1
1
1
170
1
120
52
5
30
52
84
1
1
36
37
130
37
36
36
5
5
5
30
5
5
5
5
4
5
5
2
5
5
5
5
5
30
30
5
24
30
30
84
84
37
37
37
36
36
30
5
105
24
30
5
30
5
5
30
36
100
1
30
30
5
5
5
5
5
5
5
5
5
5
30
5
5
3
3
4
44
191
44
5
5
5
5
30
5
5
24
5
24
5
24
5
5
91
18
18
63
37
5
3
3
24
71
2
5
5
18
166
3
3
3
3
3
24
3
3
3
3
1
84
90
18
44
51
44
54
4
3
3
5
39
36
97
18
14
18
54
18
90
1
153
44
44
18
120
192
129
36
36
20
44
189
14
36
170
52
193
18
44
2
36
36
157
152
5
44
14
14
194
51
14
14
7
107
44
44
44
44
44
136
14
122
71
44
44
51
18
30
30
51
14
51
44
51
44
33
33
14
90
128
95
33
33
33
74
90
90
33
74
14
90
90
90
90
90
90
90
90
74
33
14
30
30
74
90
90
90
90
90
40
90
14
90
90
90
90
90
90
42
90
90
74
14
44
90
90
90
90
90
90
90
99
90
14
30
42
14
121
99
30
14
33
33
33
33
74
33
33
33
33
33
33
33
33
33
33
33
23
33
33
33
33
33
33
33
33
33
33
33
33
33
74
33
33
33
33
33
33
94
71
156
94
94
94
94
30
3
30
1
36
94
33
33
54
71
30
71
30
54
52
30
30
187
71
54
30
54
54
54
94
54
94
30
195
99
94
30
54
115
71
64
54
30
54
94
94
54
84
69
1
30
115
84
64
42
94
115
47
36
47
1
47
120
183
115
30
115
196
197
172
39
198
52
30
71
30
199
30
84
18
1
1
39
198
30
18
84
84
1
84
84
84
18
1
1
119
200
1
37
36
39
84
1
1
1
36
39
201
36
37
37
37
37
37
37
37
37
36
1
37
37
37
39
36
107
84
18
18
37
37
37
37
37
52
30
5
30
30
52
30
39
84
1
37
37
37
36
36
30
52
30
5
5
5
30
91
112
18
1
37
5
5
5
5
5
18
84
84
1
1
130
202
36
5
5
18
18
84
18
44
44
37
36
36
1
5
5
5
5
5
30
5
13
18
18
64
14
84
84
1
44
30
5
5
5
5
30
18
51
5
30
3
5
5
5
5
5
5
24
30
30
2
3
24
4
5
54
4
84
44
56
5
3
5
5
124
44
54
29
203
178
130
1
30
1
1
44
44
1
13
36
44
44
44
44
44
1
59
44
44
44
44
44
51
51
99
13
30
44
44
44
202
44
51
30
1
44
51
14
120
44
187
14
14
64
13
187
130
29
18
51
33
44
44
44
26
14
102
44
44
44
33
14
14
155
90
44
33
33
33
74
90
42
90
155
90
90
33
90
90
90
90
90
90
90
90
90
90
90
90
42
74
90
90
90
130
90
90
90
90
90
64
42
30
90
90
90
39
14
99
30
99
33
33
33
33
33
33
33
33
71
94
61
126
110
204
187
36
1
33
42
120
54
54
115
30
30
71
54
36
157
175
42
42
64
64
64
64
64
42
54
84
42
94
30
54
115
89
64
54
54
47
62
69
183
205
183
120
30
30
30
18
44
84
84
13
36
36
36
36
172
158
42
43
39
115
39
18
14
198
18
18
42
206
36
18
1
36
1
1
1
37
36
36
120
1
36
37
37
37
18
37
37
37
36
37
13
91
30
30
30
30
30
30
5
30
30
39
84
207
1
1
1
1
1
37
37
168
30
30
30
30
30
30
30
30
30
5
36
112
36
36
30
52
52
5
30
26
36
84
1
1
5
30
5
30
5
26
91
109
1
208
30
26
5
5
30
5
30
52
91
36
36
52
5
5
5
5
5
5
30
107
54
44
1
51
5
5
5
5
5
5
5
24
5
36
112
44
5
5
18
209
44
130
5
30
18
5
18
101
44
3
3
18
18
30
14
14
1
101
18
130
130
44
51
30
18
1
44
44
44
44
44
51
51
59
44
51
210
14
1
44
51
51
51
51
90
44
44
26
4
51
177
30
30
211
51
59
30
30
44
44
42
14
30
14
26
26
212
33
136
14
14
14
33
14
14
81
213
90
14
180
180
90
90
90
33
14
90
90
90
90
90
14
14
14
14
90
90
90
90
90
90
90
90
90
90
90
90
90
90
74
74
14
90
90
90
99
14
90
90
90
90
90
154
30
74
30
102
13
42
30
30
74
44
54
54
71
46
30
54
54
183
30
129
214
36
52
30
74
42
42
52
187
115
71
115
42
54
54
115
183
64
91
36
42
42
42
42
42
99
4
64
64
64
1
140
15
120
183
13
183
42
42
215
83
5
30
54
69
47
183
39
39
198
54
44
140
36
36
39
39
84
1
84
1
36
36
42
39
1
1
1
113
39
84
1
1
1
37
39
36
37
86
1
37
36
37
36
36
1
1
44
37
37
37
84
1
1
91
1
36
91
30
30
30
30
30
30
216
1
36
30
30
30
30
30
30
71
91
91
44
208
36
36
90
91
5
5
30
30
30
36
217
1
1
206
37
90
30
30
5
30
52
30
5
37
36
36
30
5
30
5
30
5
30
36
13
44
1
64
5
5
5
5
5
30
18
218
44
44
36
24
124
1
36
36
5
1
165
132
132
204
5
4
24
5
36
18
44
44
219
44
5
3
51
1
1
44
3
5
14
18
51
44
44
220
44
44
202
5
30
30
44
44
1
44
130
30
30
30
30
30
44
217
44
44
130
51
51
14
44
84
44
14
44
64
71
71
44
44
44
29
30
30
221
44
44
29
59
30
30
30
30
30
124
14
26
1
14
26
136
14
14
30
26
33
33
33
33
33
14
30
14
90
90
90
90
33
99
111
90
90
90
90
23
74
74
90
90
90
14
90
90
90
90
90
90
90
74
74
74
14
90
90
90
90
90
74
90
42
111
14
202
30
30
39
30
71
30
30
30
52
23
54
54
214
36
39
110
1
39
36
115
115
54
1
5
218
42
42
47
94
222
47
30
94
90
36
30
30
84
69
205
4
42
42
74
52
39
39
54
47
39
223
224
1
37
69
90
39
39
39
84
84
84
1
36
225
37
39
39
1
153
90
169
1
37
36
91
36
1
37
36
142
100
1
44
36
1
30
30
30
102
30
30
30
30
30
30
100
84
109
44
44
36
3
30
30
30
30
30
30
30
30
30
30
30
208
36
214
30
30
30
30
30
30
18
84
84
208
44
44
36
5
52
52
30
30
44
52
30
30
5
36
136
156
5
44
44
1
30
5
30
84
1
44
1
90
5
5
5
2
5
51
44
44
1
24
5
44
3
5
5
5
44
217
24
4
18
18
44
44
221
107
44
209
44
91
44
18
44
18
44
30
30
44
44
44
44
44
44
226
44
51
54
5
178
44
44
51
51
51
51
44
44
44
44
44
51
44
30
14
5
30
71
30
30
178
14
213
154
227
227
26
136
213
228
155
26
14
228
213
155
154
229
26
26
26
90
26
33
33
230
155
26
26
90
90
90
90
33
33
33
33
155
154
155
154
33
42
14
90
90
90
90
90
90
74
14
23
90
90
90
42
23
74
99
121
90
90
90
90
74
90
90
99
74
30
90
90
14
14
30
90
90
90
90
90
74
74
30
90
90
14
30
109
42
30
14
231
39
14
30
30
14
42
99
30
54
30
36
30
23
120
99
99
183
91
54
54
99
36
30
71
71
10
54
30
26
43
64
44
115
222
71
218
232
1
44
30
30
15
218
42
1
36
64
84
91
1
39
39
1
42
42
36
39
91
39
84
84
42
42
42
42
1
210
68
84
1
42
42
42
42
37
99
233
37
36
84
1
55
1
42
42
120
36
36
1
125
1
1
37
36
115
30
71
30
18
120
1
44
30
30
30
30
59
30
59
30
102
30
30
30
30
30
102
30
39
112
1
1
36
127
30
30
30
30
30
102
36
84
18
192
1
1
234
30
30
30
30
30
68
235
30
30
217
30
30
30
69
5
5
5
236
237
43
5
5
71
36
5
5
59
3
71
71
71
30
30
5
24
204
5
5
4
30
71
30
2
105
5
44
44
3
3
3
5
5
44
178
178
44
3
3
24
30
89
178
44
44
44
3
44
44
202
202
44
44
44
44
44
44
44
44
44
202
202
44
18
44
204
44
44
36
30
30
30
30
44
44
44
44
51
30
30
30
44
71
99
99
14
5
71
5
30
180
155
213
213
154
154
154
155
26
1
213
213
213
155
155
238
155
155
26
213
155
155
229
155
154
154
154
239
239
26
26
26
26
154
154
213
213
227
154
154
155
154
154
26
26
26
26
26
26
26
26
90
90
33
33
33
33
154
154
154
154
154
154
154
154
228
90
227
227
155
155
99
33
33
33
33
42
155
23
33
1
74
90
90
90
39
33
90
90
90
90
90
90
90
90
90
90
90
90
90
90
90
90
90
90
90
90
74
74
74
42
90
198
42
42
30
74
99
30
30
115
30
94
54
94
1
36
91
99
172
1
42
150
37
42
168
115
1
1
120
44
30
71
4
39
128
64
47
71
71
39
64
84
1
36
99
39
198
140
64
1
1
113
113
37
36
36
39
91
210
84
1
1
1
36
36
36
36
44
36
36
36
89
42
42
44
30
30
30
30
30
30
30
90
44
42
36
130
30
30
71
30
71
42
206
36
30
30
102
30
30
102
30
30
102
30
30
30
30
30
30
84
36
30
30
30
156
44
1
5
30
30
30
44
5
30
40
44
237
30
29
5
30
3
5
36
91
52
30
44
44
44
44
3
4
5
5
5
44
3
24
82
44
240
14
44
3
3
5
5
241
5
44
44
211
44
44
101
5
44
44
202
30
44
44
54
44
155
54
30
52
29
44
44
54
1
44
36
30
14
30
107
44
155
213
44
44
71
71
71
71
213
229
229
213
154
51
47
71
71
71
213
213
229
90
155
239
239
213
213
213
239
229
155
213
227
155
239
130
26
228
154
213
213
154
26
26
213
26
228
26
158
26
26
26
26
33
23
33
136
213
213
154
155
26
26
26
26
26
229
229
242
155
155
26
26
26
154
90
90
33
229
229
26
26
26
33
33
30
229
155
26
169
42
155
155
155
155
155
90
90
74
42
90
90
90
90
90
90
90
14
155
90
90
90
90
90
90
42
33
42
42
90
90
90
90
90
90
42
90
90
90
90
74
30
14
90
74
30
14
111
14
14
30
30
30
115
54
61
54
94
94
54
94
71
94
94
30
94
71
94
94
71
54
36
10
39
243
30
54
54
42
150
99
115
1
54
71
94
244
43
43
36
30
30
1
1
1
1
1
120
94
120
30
90
1
42
40
30
30
115
1
245
37
90
71
30
64
159
39
112
10
1
36
198
120
187
84
33
1
37
113
39
84
55
69
1
1
36
44
1
44
44
44
30
30
102
30
30
30
30
30
30
30
30
30
30
44
91
36
44
30
71
30
30
30
30
30
71
102
71
102
36
112
18
1
36
30
30
30
30
30
102
30
44
30
30
30
30
30
36
44
30
30
102
44
44
44
30
52
30
30
30
36
30
5
52
52
30
51
44
14
237
5
52
30
52
71
30
44
44
5
30
109
101
44
44
5
5
30
44
44
246
204
51
44
24
5
107
145
44
44
44
5
44
44
44
24
5
24
30
71
71
71
71
30
71
30
24
5
52
5
71
71
30
52
90
90
44
44
44
44
44
5
90
26
247
90
90
90
90
90
44
101
51
51
54
54
90
155
90
155
155
54
54
30
54
71
213
213
239
26
239
26
44
44
44
51
135
99
90
155
155
155
155
155
239
239
155
51
39
30
155
239
239
26
90
37
14
71
107
71
213
213
155
155
155
239
248
155
155
155
155
242
44
44
99
99
71
14
213
213
239
213
155
26
239
155
242
155
155
155
90
248
155
239
90
44
99
155
154
26
26
90
90
155
155
242
155
136
99
26
154
239
239
155
26
26
26
140
26
26
26
26
74
74
239
154
154
154
26
242
26
155
90
155
26
26
26
26
26
99
33
33
242
154
155
155
155
239
242
242
26
26
26
26
99
99
99
229
242
154
242
26
90
33
74
42
42
42
33
111
155
155
155
26
99
42
33
42
42
42
42
42
27
155
155
155
90
90
42
42
42
42
33
33
74
42
42
42
42
42
42
42
42
42
42
42
42
42
42
90
42
42
42
42
42
42
42
42
42
42
42
42
42
42
42
90
42
42
42
42
42
42
42
42
42
42
42
90
90
42
42
42
42
90
42
42
42
30
42
42
42
42
14
36
94
71
94
94
94
249
140
250
237
244
196
140
37
183
120
36
115
115
140
140
196
1
172
43
172
187
1
54
237
68
68
244
172
30
172
43
1
30
115
251
44
1
1
1
1
1
1
1
64
37
26
1
1
1
100
14
222
119
99
36
14
115
128
91
113
1
153
91
1
55
42
33
44
44
183
44
30
44
109
44
44
30
30
30
30
102
252
102
102
102
102
102
30
30
30
102
30
30
30
47
158
44
30
30
71
30
102
214
47
237
30
102
71
30
30
42
140
5
30
30
30
71
71
71
71
30
30
84
36
30
115
30
44
30
71
209
52
71
30
30
30
42
30
30
44
44
30
253
237
5
253
253
51
51
44
5
30
3
5
90
189
44
1
5
5
26
90
155
89
26
44
202
51
5
5
5
30
254
254
254
254
254
254
254
254
248
239
90
255
239
239
90
256
90
178
89
89
89
244
44
54
242
54
5
254
54
54
254
54
155
247
89
44
101
51
254
54
54
54
30
54
71
30
54
254
54
54
54
54
248
140
239
26
89
44
54
54
30
30
30
46
54
5
54
54
213
155
26
44
44
44
30
71
54
54
30
30
54
54
71
71
155
248
89
257
44
99
54
30
213
140
248
239
44
44
44
194
258
145
71
239
239
90
44
228
47
74
74
71
239
239
154
26
155
26
89
154
130
74
74
74
74
239
26
26
154
155
26
26
136
74
74
74
74
74
74
99
74
74
239
33
210
74
259
239
154
239
154
239
26
242
239
155
130
26
90
99
47
155
239
154
155
42
42
42
74
155
155
154
155
155
42
42
42
74
74
42
111
42
74
155
155
26
26
26
155
42
42
42
155
42
42
42
74
42
111
42
42
42
90
90
42
42
42
42
42
42
74
42
74
74
42
14
42
42
42
42
42
42
42
74
42
42
42
74
42
42
42
42
42
14
42
42
42
42
42
42
14
260
261
94
71
30
39
94
115
30
94
94
102
102
140
196
44
94
244
140
44
140
43
244
252
68
262
183
115
237
140
140
68
224
106
251
251
187
36
36
36
115
115
52
244
263
44
44
264
40
36
54
68
265
1
172
234
225
224
36
262
172
1
1
1
36
36
139
140
1
1
160
263
36
1
42
120
36
39
250
1
36
157
64
47
47
142
54
156
128
140
36
243
112
30
47
39
55
55
55
106
36
36
91
1
220
44
44
136
120
44
30
30
36
36
36
102
102
102
136
120
102
30
71
84
208
30
30
187
102
102
102
102
71
71
102
30
30
102
71
30
30
30
30
6
44
44
30
30
71
102
30
30
91
30
266
216
44
30
30
30
51
44
42
155
155
155
44
30
3
2
30
5
248
51
51
44
267
44
44
44
26
90
44
30
30
54
254
52
30
90
154
90
89
26
54
54
54
54
54
5
54
26
90
155
26
89
89
18
44
110
71
5
54
54
54
54
54
54
54
54
54
254
52
155
154
154
155
155
248
178
89
178
44
44
44
44
44
51
254
54
54
5
4
54
155
155
154
155
155
248
89
89
18
141
44
54
30
71
30
30
54
54
54
242
242
178
248
248
90
248
248
26
89
155
44
44
44
249
44
44
54
54
54
71
54
54
248
155
242
239
239
155
89
89
44
44
99
99
52
30
54
30
54
30
71
239
239
40
239
239
90
90
248
89
178
37
44
26
99
155
74
74
239
133
90
155
248
26
178
89
178
89
51
211
26
26
37
74
74
74
74
74
74
74
239
248
154
89
26
130
47
99
74
74
154
239
26
178
154
253
178
178
155
155
178
178
91
99
154
239
26
89
26
89
154
26
154
248
210
154
26
155
74
42
239
154
154
26
42
42
74
42
74
14
42
74
33
33
42
155
42
42
42
111
74
42
42
42
42
42
42
42
44
42
42
42
42
74
42
42
42
42
42
42
42
14
42
42
94
71
102
102
94
102
94
71
94
54
94
54
30
30
94
237
249
54
94
140
94
148
30
68
36
36
94
30
115
43
167
252
140
44
44
172
150
99
99
36
54
115
54
196
52
36
36
187
36
68
178
68
178
120
36
1
99
39
1
91
68
253
1
268
1
1
234
225
36
243
39
262
252
268
120
243
218
218
218
1
1
44
37
120
120
112
36
47
218
1
91
99
47
47
99
76
269
44
112
39
71
47
47
47
218
42
42
44
71
5
71
30
71
47
140
30
71
30
71
71
71
71
71
71
153
243
71
71
71
71
69
84
44
30
30
30
30
209
91
36
172
44
30
30
4
30
84
209
71
71
52
102
102
187
133
44
36
71
71
30
30
82
102
44
44
84
44
44
102
102
244
52
102
30
30
5
3
248
44
44
51
155
248
248
44
44
44
211
44
54
54
248
155
90
248
248
248
44
44
30
30
51
248
178
248
248
178
178
248
44
44
54
30
54
155
155
89
178
1
44
18
155
5
54
239
26
155
89
155
155
44
51
254
59
30
71
254
254
30
54
54
155
178
89
44
44
51
54
54
3
54
155
248
90
155
26
178
26
89
178
44
30
54
54
54
258
54
54
54
54
54
26
239
44
44
44
99
99
54
54
54
54
54
54
26
178
44
202
33
235
239
47
89
89
258
74
74
26
26
239
89
89
89
99
89
89
89
178
89
178
178
178
178
178
178
14
89
178
178
178
178
178
178
178
42
154
155
155
248
248
155
248
248
248
42
74
33
42
111
74
74
33
42
26
33
42
42
74
42
42
42
42
42
270
42
42
102
94
30
94
94
94
102
102
199
102
47
94
199
102
237
196
140
198
198
94
94
5
68
160
36
198
271
3
3
140
140
36
272
115
115
115
71
237
36
273
36
44
273
187
36
120
99
91
201
115
244
140
140
140
1
150
36
140
83
44
112
225
262
172
36
44
140
274
91
91
91
14
1
36
36
1
1
268
234
1
44
140
1
275
75
47
47
47
91
91
133
55
192
36
1
36
276
55
243
91
91
5
47
158
132
71
71
71
71
71
36
36
140
30
30
30
71
40
112
71
209
36
44
115
209
209
209
209
209
209
44
102
275
209
209
209
209
262
209
102
102
209
209
209
209
247
30
30
52
102
102
102
209
209
120
30
30
102
102
141
30
102
102
30
102
102
44
102
30
102
30
26
30
5
3
102
30
109
44
1
44
51
52
54
54
54
30
30
26
155
84
40
44
54
89
89
248
99
44
44
51
30
140
99
210
44
44
54
54
54
210
210
44
84
51
5
54
54
211
218
277
178
218
89
210
210
47
44
44
44
44
254
30
254
278
278
278
278
278
278
278
278
278
24
4
71
71
5
71
30
54
89
140
89
140
47
47
99
44
44
278
278
278
278
278
278
278
278
278
278
278
278
278
278
278
278
278
278
278
89
89
210
47
257
54
278
278
258
258
258
258
258
258
258
258
258
258
258
278
278
258
258
258
258
258
278
258
278
71
90
158
133
89
218
33
99
198
279
258
258
258
258
258
258
258
258
258
47
37
235
99
90
44
178
178
74
178
178
14
178
178
178
178
178
210
178
178
210
178
178
178
178
33
178
42
130
42
42
42
42
42
42
14
94
42
3
2
71
71
251
244
140
36
280
237
224
237
71
24
224
36
47
243
71
224
44
68
115
115
99
120
128
99
115
140
281
140
264
172
225
36
273
47
187
36
140
115
68
140
140
140
140
169
276
273
36
140
140
183
43
91
168
282
140
1
91
91
120
130
263
140
274
1
211
1
1
10
112
210
130
36
36
44
90
183
112
36
120
133
268
234
225
1
106
234
1
112
36
91
47
225
120
120
36
140
1
143
36
71
71
71
36
36
36
36
36
36
112
113
209
30
283
1
36
209
209
209
30
1
109
253
187
44
44
30
30
284
44
44
75
75
75
75
75
75
75
44
30
71
71
102
102
84
1
75
75
75
75
75
44
75
75
75
75
75
75
75
75
44
75
75
75
75
44
44
30
30
30
71
102
102
26
75
75
75
102
102
102
71
30
257
84
44
30
44
224
44
275
44
30
54
44
44
44
267
44
44
44
44
44
51
54
54
54
54
30
211
44
44
51
54
2
30
54
54
54
54
99
90
44
44
90
44
258
258
258
30
51
51
52
71
71
278
278
44
51
44
44
44
14
47
278
278
278
278
71
196
89
99
99
258
258
258
258
258
258
254
54
54
51
178
89
258
258
44
5
44
178
30
178
99
54
178
178
178
178
178
54
74
210
231
47
74
74
42
42
42
33
47
26
14
99
99
5
94
5
3
102
30
102
102
102
5
3
47
30
71
40
140
44
102
285
44
44
71
250
286
140
140
140
140
44
183
39
128
36
172
172
36
156
36
187
71
128
128
140
250
273
74
120
1
273
273
183
54
68
140
128
225
273
36
250
140
140
172
1
39
287
201
264
264
264
264
264
112
140
36
99
140
264
264
1
91
268
47
91
37
120
1
268
91
133
225
288
1
268
106
14
47
133
106
106
106
133
156
106
36
36
130
47
55
71
153
36
153
75
71
30
71
54
84
36
30
132
128
84
247
44
44
223
75
75
102
178
207
75
75
75
75
75
75
89
75
75
75
75
75
75
75
75
75
75
75
51
44
102
102
75
75
75
75
75
75
75
75
75
75
75
44
75
75
75
289
44
44
102
205
75
75
44
44
30
30
71
30
290
44
30
115
102
102
71
44
36
101
102
54
30
90
291
68
44
44
44
30
5
44
44
44
44
30
30
44
84
44
44
51
30
54
54
54
54
54
54
54
54
54
54
54
54
54
292
30
71
30
140
44
134
18
18
54
54
54
54
54
54
30
30
225
203
30
54
54
54
54
44
44
54
24
51
99
99
30
101
101
254
30
44
224
44
54
44
90
99
99
14
99
36
59
210
47
47
130
47
61
42
33
74
33
23
33
33
14
14
196
293
2
140
140
199
244
140
183
36
252
44
251
36
294
140
2
262
140
140
68
140
140
44
295
273
273
47
30
296
36
244
140
47
140
140
198
83
243
39
252
262
224
251
224
244
297
169
83
183
112
201
144
214
36
235
140
44
44
244
172
172
47
183
273
172
298
83
187
115
30
68
36
172
10
90
187
187
102
3
140
140
36
264
264
120
264
64
185
196
139
264
91
91
91
36
262
133
133
26
44
91
36
133
209
264
268
244
44
133
133
68
268
167
91
133
36
36
68
156
106
106
106
106
106
106
1
215
36
36
94
153
299
68
106
106
106
106
36
3
106
106
115
3
3
133
106
106
106
37
30
115
115
115
223
106
132
55
300
30
44
243
301
75
106
106
289
44
284
102
91
44
75
75
44
94
30
99
249
249
75
75
44
30
75
44
89
215
71
71
44
44
89
51
51
30
102
102
102
30
30
44
44
90
18
44
44
44
44
90
99
102
302
90
106
44
178
203
44
47
54
30
44
44
44
203
178
99
47
30
71
292
44
44
237
99
54
30
44
18
44
44
44
44
44
44
44
30
44
51
44
68
42
44
178
90
1
44
44
99
202
202
44
44
44
202
101
54
258
44
44
44
130
44
47
44
44
44
99
44
44
44
44
44
44
44
44
33
33
14
251
68
140
243
24
71
71
196
140
140
36
243
10
187
4
223
225
252
10
273
36
1
37
36
273
99
99
36
203
71
71
110
47
140
36
44
251
224
44
44
83
250
287
36
251
68
140
251
303
47
140
250
106
140
140
225
246
91
304
140
172
36
37
251
225
140
99
36
130
133
251
140
133
305
36
36
140
133
247
264
43
264
44
36
128
183
268
268
90
133
225
36
36
91
133
158
36
94
133
133
120
47
106
36
133
225
140
140
90
115
115
115
115
133
247
94
94
102
54
44
172
268
106
44
140
306
44
307
145
44
30
145
301
247
102
284
68
140
44
71
102
68
44
44
44
69
99
44
99
44
178
308
44
30
30
90
309
44
44
44
102
102
47
244
44
44
178
30
102
102
44
44
178
44
44
44
178
5
5
44
68
44
270
71
44
51
42
44
44
44
44
110
44
47
47
136
47
44
44
44
44
47
47
23
33
33
130
44
44
130
210
210
23
44
33
33
14
42
68
178
252
244
224
47
120
251
140
44
237
310
298
243
243
148
148
237
272
237
140
68
140
225
140
273
120
311
311
36
11
243
39
201
36
140
44
47
47
312
311
266
235
313
249
71
235
99
99
44
225
36
314
315
36
316
51
44
68
297
47
317
133
225
225
225
225
36
235
99
112
310
225
318
140
99
252
252
298
99
185
140
36
209
158
140
1
297
223
167
26
36
133
268
156
143
223
319
36
133
36
36
91
94
71
94
94
94
94
94
115
115
244
94
94
94
94
94
94
94
94
115
318
133
36
94
115
36
235
130
158
211
320
44
106
237
14
71
106
44
115
71
106
306
224
44
75
75
183
44
102
102
102
178
247
247
44
30
3
228
84
44
102
102
227
244
251
44
308
44
102
68
44
44
321
249
249
178
178
307
102
44
102
102
44
44
51
101
101
51
44
44
84
51
84
102
244
312
44
44
44
44
249
254
44
44
44
300
30
44
44
101
99
99
23
33
210
135
44
47
210
33
44
44
44
44
44
39
99
44
99
44
33
44
33
272
272
33
33
47
47
30
249
225
140
237
251
140
140
68
140
68
140
215
244
120
322
148
99
215
99
323
243
243
243
36
243
120
167
187
140
99
215
250
250
196
68
224
68
47
249
36
36
243
311
311
311
311
99
99
130
140
249
249
47
225
118
99
99
68
140
140
140
44
225
225
102
243
90
36
225
225
225
225
225
225
225
225
225
225
225
225
225
99
237
26
140
140
120
68
68
133
252
36
36
140
92
140
36
91
140
140
90
158
4
224
1
90
36
36
244
225
47
158
223
223
36
36
133
37
94
133
90
36
94
94
94
94
94
94
94
115
115
115
115
115
251
133
26
68
100
47
115
158
251
47
224
3
5
26
158
324
102
224
44
42
325
115
301
44
252
44
252
44
71
71
3
301
44
102
71
75
44
3
133
75
44
102
239
99
44
44
102
102
44
44
44
247
102
102
44
140
249
51
44
44
44
308
102
68
44
44
237
44
247
3
5
102
30
193
44
51
44
44
44
44
196
18
18
18
54
44
244
244
44
44
54
44
99
44
44
44
211
44
196
101
101
44
30
47
136
99
44
44
326
44
44
47
47
99
44
44
244
44
44
99
54
36
44
44
44
210
130
36
33
44
44
44
210
39
99
33
44
44
76
44
44
44
44
33
101
44
33
44
14
14
14
243
215
178
262
298
68
140
237
183
99
237
130
272
140
99
99
272
272
314
272
243
243
68
99
312
272
272
272
272
314
272
272
243
243
272
243
215
243
10
169
140
68
183
140
47
1
36
327
272
272
327
327
224
106
140
249
36
36
36
36
36
293
243
36
36
120
156
36
272
224
47
225
225
225
252
36
262
252
158
225
47
36
99
128
328
140
130
140
140
140
252
247
297
39
214
112
251
36
83
187
157
99
140
178
68
26
140
222
251
133
178
183
183
183
224
301
183
36
183
183
224
183
183
183
183
167
36
128
133
237
68
68
223
36
47
71
223
3
94
115
115
115
244
320
329
224
185
1
94
68
140
262
94
94
324
68
44
320
44
68
47
36
133
218
1
262
44
44
244
44
36
44
44
252
244
203
44
44
3
102
106
44
44
172
71
26
102
102
47
102
44
44
224
195
68
44
44
102
44
44
44
178
99
99
44
44
44
44
44
3
44
44
44
257
44
44
44
44
44
68
44
44
44
146
99
68
44
44
99
99
130
99
44
101
44
44
61
61
101
44
44
44
44
44
44
44
196
44
44
44
44
44
44
99
44
101
99
44
1
330
210
44
7
99
44
101
130
14
331
91
68
140
243
272
201
244
237
272
10
83
130
327
272
130
130
130
130
130
272
10
215
10
201
250
237
140
140
130
10
311
225
36
36
130
130
36
244
140
140
140
36
298
332
249
47
333
225
36
10
36
140
26
140
225
225
225
225
225
120
130
130
130
140
225
225
225
225
99
68
334
90
91
44
36
140
243
243
243
237
91
196
43
155
1
36
36
47
183
140
178
178
36
178
36
36
36
91
91
91
120
36
36
187
225
218
178
167
129
133
262
133
26
178
26
264
36
91
131
244
36
249
223
36
36
36
143
36
158
224
224
224
224
51
94
102
94
102
30
133
133
251
224
224
224
224
224
224
94
115
237
47
47
252
224
224
224
224
14
115
178
47
47
262
44
224
224
224
224
224
224
44
224
251
94
3
218
47
224
224
4
94
252
203
1
172
75
90
209
3
242
44
44
44
44
196
225
262
262
262
44
44
262
262
262
262
44
211
10
262
262
262
68
262
44
44
44
44
1
196
44
36
47
335
235
99
99
54
54
262
262
44
156
279
156
99
44
90
71
54
44
221
44
90
30
54
257
44
99
90
99
130
217
44
99
99
130
130
130
130
99
130
130
99
130
44
44
99
130
99
99
130
130
130
30
44
44
44
99
99
76
252
44
221
44
44
101
44
99
47
44
44
47
47
47
210
210
44
44
44
44
44
47
39
115
44
44
254
260
74
244
36
201
68
140
75
39
99
10
273
311
243
287
140
140
224
47
47
336
244
251
225
183
44
251
68
68
225
225
225
128
140
225
225
201
251
101
172
224
224
140
140
224
224
224
224
244
244
337
338
316
26
178
90
224
91
133
26
178
26
90
140
36
224
225
243
91
91
36
47
158
133
26
36
167
36
68
244
36
36
251
133
89
224
285
99
128
68
224
339
224
36
3
3
94
94
68
133
210
224
224
224
262
36
37
51
172
224
68
68
47
47
340
68
244
244
249
252
235
335
94
94
140
47
47
224
244
36
3
94
187
251
133
90
44
224
224
172
115
133
224
224
44
94
5
340
158
133
262
262
262
244
249
133
262
262
262
262
77
3
3
3
3
3
3
3
262
44
3
3
3
3
3
3
3
26
262
262
71
3
102
262
262
262
44
262
262
262
44
262
262
44
84
262
262
237
252
251
341
321
156
44
44
211
44
47
198
5
71
37
252
211
18
54
94
44
44
247
44
211
44
44
44
130
139
44
44
44
101
130
130
130
130
99
130
330
99
44
47
99
99
330
44
47
44
99
47
99
99
14
342
99
44
14
44
130
77
197
331
197
140
140
243
196
44
224
201
201
244
106
201
201
140
196
225
140
99
10
311
201
201
140
225
47
156
140
131
128
68
244
140
140
91
332
140
140
39
140
140
244
36
140
140
244
244
244
36
36
237
140
158
140
68
140
244
36
36
36
36
343
343
224
244
36
298
36
36
36
91
68
36
140
89
251
178
172
244
244
244
249
244
249
249
36
1
244
47
183
43
26
244
36
36
244
36
37
140
225
36
36
244
248
47
36
36
244
249
68
133
26
84
47
244
244
252
36
36
172
47
47
244
244
244
244
252
244
244
94
68
252
244
244
252
244
244
244
244
244
183
244
99
91
71
26
1
244
244
244
94
115
133
262
115
102
26
26
26
262
262
115
44
94
224
237
44
44
115
5
44
344
44
44
267
30
44
196
44
36
237
4
4
18
4
18
18
286
44
44
44
51
211
44
18
196
44
211
308
130
130
44
345
130
99
130
130
44
130
130
249
99
99
130
47
99
130
101
47
47
47
314
101
346
99
251
84
130
99
44
47
251
40
101
44
99
14
77
347
224
243
196
68
140
140
243
243
140
140
47
10
201
237
99
10
311
311
47
99
36
311
201
140
1
140
140
140
243
83
68
196
252
251
244
36
133
344
196
196
43
244
244
244
36
37
101
244
36
218
178
26
26
1
348
264
36
36
36
243
36
218
36
1
218
36
196
44
244
235
235
133
133
99
140
94
94
158
249
14
94
44
237
115
51
99
158
51
115
44
115
94
94
344
90
51
115
94
115
44
252
203
5
76
54
262
44
251
51
54
99
44
237
211
237
211
44
44
44
251
44
237
54
54
211
267
211
130
44
44
47
130
130
99
130
130
211
44
272
130
130
130
44
47
90
99
251
44
68
101
101
47
99
44
44
101
99
99
44
47
94
330
101
101
101
130
349
44
99
99
99
64
47
136
136
99
44
99
99
101
47
99
77
18
77
251
140
196
251
68
140
237
215
215
350
215
215
215
215
215
10
243
252
68
140
140
140
47
47
47
99
243
140
351
251
140
183
36
99
140
140
140
332
260
224
36
140
250
250
36
225
36
237
140
36
36
243
37
140
196
36
36
201
68
90
140
132
187
201
140
251
36
68
47
132
36
36
36
36
216
158
68
26
36
36
36
235
36
237
68
99
89
251
140
249
235
252
252
120
36
251
251
251
252
235
237
140
68
44
94
94
133
140
44
68
51
94
94
68
133
158
14
94
26
158
249
218
44
156
77
158
44
44
211
68
115
64
44
196
237
237
44
69
94
44
94
54
94
90
44
44
99
196
101
323
212
99
44
44
314
211
211
211
211
44
47
37
196
47
215
120
44
47
47
215
47
47
99
47
99
47
47
44
101
101
101
99
99
136
136
99
120
99
99
99
77
77
77
77
18
77
77
77
77
77
77
77
196
201
201
244
140
99
44
99
250
10
352
251
140
243
140
251
140
247
251
251
68
297
353
120
47
183
140
26
140
244
332
334
183
183
183
298
140
243
140
225
68
196
196
224
224
298
140
293
249
99
68
251
196
251
196
47
245
351
354
158
251
172
36
68
251
251
251
196
101
196
26
251
36
36
36
36
36
36
36
140
140
251
252
158
47
36
47
36
36
36
36
44
140
89
36
187
209
92
92
252
252
355
133
92
68
36
237
252
251
158
265
252
68
44
315
133
92
265
252
158
44
350
44
251
120
115
115
158
115
115
251
44
71
115
90
101
69
115
51
71
44
211
44
99
211
99
44
251
212
47
99
36
221
237
47
47
99
130
202
211
44
47
130
4
47
99
130
44
44
99
99
101
101
47
47
77
47
99
99
356
99
120
134
101
101
77
101
99
77
357
77
77
77
134
77
4
77
77
69
77
77
18
77
18
77
134
77
77
77
14
14
134
18
77
77
249
198
68
75
316
251
201
140
140
249
68
44
47
298
287
140
47
183
250
353
153
1
183
250
251
140
140
353
47
243
36
140
140
224
353
183
183
47
249
251
140
140
36
36
140
172
183
140
1
120
68
92
26
244
196
120
187
36
68
196
36
315
187
237
133
140
92
158
36
36
187
133
251
251
126
249
216
68
68
68
251
112
47
235
68
252
252
252
252
252
252
252
252
252
252
133
26
133
251
36
265
358
158
251
1
68
68
251
158
133
158
133
68
158
251
68
196
44
237
237
251
133
26
251
196
44
44
133
26
251
44
44
26
251
44
51
144
90
26
1
51
77
44
15
101
99
359
18
249
99
211
211
44
47
36
18
211
47
99
250
36
47
130
68
99
47
99
99
202
47
47
77
357
101
101
101
101
101
101
99
44
357
357
99
77
77
77
77
77
77
18
77
134
77
77
77
77
134
77
134
69
77
77
4
77
338
47
211
249
251
140
196
249
249
196
249
285
4
196
68
224
140
140
140
201
315
140
237
140
44
36
243
120
211
183
243
120
140
68
140
44
183
39
140
251
140
196
47
183
224
47
196
224
196
196
36
47
37
36
36
140
140
218
196
211
36
153
128
350
36
99
37
36
251
251
196
196
196
47
36
68
140
140
140
36
99
120
140
36
140
68
36
36
120
251
140
68
251
158
47
47
47
47
47
249
235
91
158
133
47
47
47
178
251
89
158
252
252
26
251
133
158
252
44
251
251
158
196
101
360
196
196
196
196
196
249
51
44
266
51
68
158
158
196
196
196
196
196
196
196
196
196
196
196
196
361
266
196
196
196
196
196
44
44
362
251
196
196
196
196
51
26
140
44
252
39
218
99
119
99
36
211
99
99
47
215
47
99
303
47
47
99
77
44
363
363
69
101
47
47
47
99
47
99
99
101
99
134
357
77
44
54
77
14
120
69
134
211
18
77
77
77
69
77
77
77
77
69
69
338
364
47
249
249
11
140
140
249
44
47
197
237
140
140
196
298
215
183
148
352
47
243
251
140
252
140
140
196
68
140
247
183
183
183
47
183
183
183
183
47
99
251
68
244
47
183
183
183
183
183
183
183
183
183
183
47
183
153
365
183
183
183
183
128
251
68
140
333
183
183
183
183
183
183
183
183
140
140
183
183
183
183
187
140
294
183
183
183
36
36
36
36
225
237
140
244
196
252
47
47
249
183
249
249
249
249
249
249
249
249
36
36
36
196
196
43
249
249
249
153
140
140
196
251
110
36
36
262
109
68
140
224
64
36
36
75
140
251
251
251
47
36
36
301
196
196
249
235
251
68
196
196
68
196
47
44
249
68
68
251
36
251
68
290
211
249
211
366
350
366
211
251
68
196
196
68
218
196
211
267
101
211
178
158
251
251
251
251
251
251
251
251
251
251
251
251
251
251
251
251
251
196
196
196
211
101
101
101
211
51
158
68
68
251
251
251
251
251
251
251
251
251
251
251
251
251
251
251
251
251
251
251
251
251
237
133
68
251
251
251
251
251
251
196
251
218
251
251
251
251
251
251
251
44
44
44
251
251
251
251
211
99
77
69
249
47
99
36
44
1
215
99
99
215
215
367
130
308
99
44
217
99
44
47
134
47
47
44
99
134
47
47
18
101
99
99
101
77
101
77
77
77
84
77
77
368
134
77
77
77
77
18
293
249
249
10
285
364
156
47
285
347
249
201
293
293
285
196
68
140
36
140
183
183
243
183
183
183
183
183
140
140
183
183
183
183
183
183
183
183
183
183
183
183
183
183
183
215
47
140
183
183
183
183
183
47
183
183
183
249
183
183
183
224
140
183
183
183
183
183
183
183
183
183
183
183
183
140
212
332
183
183
47
68
140
140
183
249
249
99
36
316
129
128
196
183
249
249
249
249
249
249
249
249
249
249
350
196
249
249
249
36
187
47
249
249
249
237
209
68
252
196
68
156
47
252
36
211
110
211
218
251
47
36
211
211
68
1
68
68
68
68
237
68
252
211
158
36
158
158
251
251
251
68
68
252
251
68
90
68
99
99
251
251
251
251
369
251
251
251
251
251
251
251
251
251
251
251
251
251
47
251
251
251
251
251
251
251
251
211
251
251
251
251
251
251
251
251
251
251
251
251
251
211
211
101
211
237
237
251
251
251
251
101
211
120
120
251
120
36
217
323
47
14
249
47
293
99
323
370
77
44
69
69
69
47
260
99
99
69
47
47
99
44
69
99
44
99
357
77
44
367
18
77
69
77
69
371
18
367
18
18
18
10
249
249
249
249
249
249
260
156
36
156
198
47
198
249
285
249
249
249
249
249
249
198
69
47
47
260
183
197
249
249
249
249
249
47
260
285
68
249
249
249
249
197
140
249
249
68
140
75
249
249
249
249
249
249
249
183
183
183
183
183
249
249
249
249
249
249
183
183
47
224
140
140
196
249
249
183
183
183
249
237
140
196
249
249
249
215
140
68
183
372
183
183
183
183
183
249
47
183
183
249
332
332
332
332
332
183
249
36
140
91
183
262
237
36
1
183
335
187
140
183
249
249
249
68
140
249
249
249
249
120
235
140
140
47
156
249
249
249
249
249
249
68
249
99
99
99
36
99
349
68
110
211
373
68
252
90
237
211
237
337
158
251
68
36
252
68
68
68
68
68
279
211
223
36
36
36
211
211
211
211
211
68
68
68
68
68
68
68
68
99
68
68
36
251
251
251
68
68
68
68
68
68
68
211
374
237
251
251
68
68
68
211
99
158
251
68
68
91
251
251
251
251
251
251
251
68
68
47
198
47
47
251
251
251
251
99
26
251
47
68
68
68
68
68
68
68
68
68
68
68
68
68
68
68
68
68
68
68
68
68
68
68
68
68
68
68
14
68
68
68
68
68
68
68
68
68
68
68
42
68
47
249
285
375
211
47
18
172
110
136
376
99
202
110
69
44
17
101
101
101
101
77
101
363
77
69
77
77
134
134
134
18
18
77
77
10
298
249
249
285
285
237
249
249
249
331
44
285
249
249
183
183
237
249
249
183
249
183
183
364
298
249
47
215
140
249
183
249
183
215
47
237
183
140
332
183
183
183
183
183
183
183
249
332
332
332
47
224
183
183
140
225
249
249
235
183
183
249
106
225
249
249
36
140
249
249
158
99
140
140
252
167
68
68
47
211
198
237
252
36
36
68
68
145
68
374
211
351
158
251
211
198
351
316
251
251
101
211
198
158
251
99
120
158
158
68
68
68
68
251
99
99
99
158
68
68
68
68
68
68
44
99
68
68
68
68
44
68
68
68
68
47
68
68
68
68
68
68
68
211
68
68
68
267
377
84
195
47
84
211
211
211
77
77
77
33
77
202
378
47
47
363
101
101
377
69
101
134
134
69
134
134
84
77
134
134
77
42
69
42
77
15
197
197
197
285
197
196
44
285
197
140
183
249
379
333
262
196
183
47
99
250
158
183
183
183
140
68
332
332
332
332
332
332
332
380
140
224
1
332
332
332
332
40
183
347
215
140
183
183
140
251
225
294
264
183
249
249
140
183
183
249
249
249
140
140
249
237
140
99
140
156
351
235
140
140
381
140
68
64
99
36
120
140
68
120
91
235
120
211
192
158
158
158
381
68
68
366
158
158
36
237
68
68
237
158
251
68
237
237
237
237
214
158
237
350
158
133
99
315
158
237
237
237
251
68
68
26
68
68
68
120
68
47
69
69
77
90
47
42
101
101
101
101
382
383
69
69
69
69
101
69
101
43
101
377
384
101
101
101
101
367
377
84
134
77
134
69
363
134
33
69
77
134
84
42
357
77
363
77
77
84
385
285
140
183
183
183
372
156
196
140
332
332
215
10
140
332
331
386
332
332
183
140
332
140
140
183
99
158
1
106
140
140
47
99
262
140
251
244
183
140
47
47
140
209
224
237
44
237
44
47
91
158
251
350
211
237
237
36
237
251
237
237
237
237
237
237
158
158
211
237
211
237
211
387
237
99
262
75
68
120
237
205
344
47
140
211
47
69
118
68
44
260
260
69
77
211
47
47
69
42
101
120
77
42
134
69
134
134
101
101
363
363
101
101
77
134
101
101
77
77
101
77
134
134
77
134
77
134
197
285
285
388
285
197
285
331
243
285
249
285
197
156
197
183
140
140
183
47
197
332
332
389
140
140
225
332
47
156
156
215
47
183
332
47
260
378
187
215
26
196
332
156
378
140
251
332
128
140
140
47
140
140
315
140
90
251
235
140
294
350
237
26
68
47
225
237
158
99
387
158
68
237
89
237
237
158
211
251
91
158
158
68
120
158
99
172
211
120
120
44
18
69
69
172
69
77
101
77
101
101
44
367
134
134
363
101
44
134
64
101
101
134
77
197
285
140
140
215
197
183
99
332
215
332
47
156
386
260
64
40
140
196
293
156
156
12
47
338
47
373
140
140
338
47
140
156
99
140
140
196
252
140
225
158
156
140
381
140
140
133
158
140
196
114
158
140
303
262
268
237
211
211
211
211
91
158
99
237
36
120
68
69
215
69
15
4
44
77
101
101
69
77
267
363
18
134
101
120
101
101
363
101
101
197
285
388
285
331
285
140
224
47
144
196
247
47
47
198
140
247
198
36
260
47
260
390
198
140
140
1
140
47
338
197
140
140
75
293
140
44
47
140
237
391
140
47
140
26
198
156
198
75
301
198
156
120
140
350
110
211
110
237
110
158
120
344
47
47
120
101
47
323
4
69
69
134
69
101
101
101
101
101
101
101
101
77
84
64
285
285
392
285
197
197
350
249
285
261
262
140
140
140
47
225
209
140
390
393
47
338
224
44
47
293
140
293
293
47
394
55
68
350
47
84
47
47
64
140
158
211
338
101
211
158
158
158
120
140
211
120
158
119
395
158
350
120
211
47
120
211
396
47
211
338
99
44
69
69
43
69
101
101
363
134
134
101
101
101
101
77
134
388
183
140
197
285
285
285
285
285
140
47
250
196
140
140
140
140
252
209
381
140
68
140
47
198
397
198
218
398
47
343
47
211
211
211
44
338
262
198
158
47
64
340
158
1
218
77
26
158
211
237
69
84
370
43
211
156
198
211
51
211
338
4
101
101
118
101
101
69
69
69
69
77
101
69
101
101
101
101
101
101
363
134
101
101
101
101
101
101
101
101
101
285
331
399
197
285
197
140
196
140
140
140
140
140
224
140
225
156
397
140
156
47
323
158
397
198
211
158
158
268
158
120
158
26
198
211
211
120
211
237
120
211
211
261
198
198
84
198
198
198
156
156
198
84
341
279
43
211
99
101
101
101
69
69
101
101
101
101
101
134
101
69
15
383
101
101
101
101
101
101
101
101
101
101
101
77
331
331
285
140
285
196
285
140
400
106
225
225
244
237
140
140
140
156
140
156
140
156
391
47
47
294
158
158
211
214
211
44
120
198
211
211
341
211
211
211
101
344
69
69
101
101
101
101
101
77
321
183
331
329
140
401
183
140
218
140
140
47
355
323
225
402
140
156
301
211
156
167
211
211
211
99
261
64
64
211
211
211
211
211
120
211
120
211
44
211
198
211
101
101
77
215
225
140
140
47
140
403
158
140
140
169
140
136
211
140
156
156
140
156
140
140
404
198
158
140
140
158
55
211
211
44
337
405
331
285
197
106
47
140
140
84
156
237
211
201
47
69
140
140
355
140
323
156
169
158
158
338
198
120
223
397
341
156
345
198
211
211
120
101
120
101
406
363
101
44
140
140
140
140
209
68
47
262
140
55
198
198
144
140
133
40
133
262
407
260
358
267
158
195
69
408
140
140
225
106
140
169
198
198
209
140
409
209
158
268
158
158
90
211
110
4
410
411
261
350
237
140
140
225
169
158
198
198
158
268
158
110
158
169
211
412
279
101
350
196
140
408
169
140
209
169
158
169
140
169
169
4
413
110
178
140
140
381
220
317
158
44
84
293
183
169
140
268
169
198
40
140
158
140
140
389
64
42
57
44
44
42
42
120
43
183
183
42
54
42
42
42
42
102
99
74
74
42
111
42
42
42
42
42
42
42
42
254
54
155
74
42
42
42
42
54
42
42
42
42
42
54
42
258
278
99
37
4
4
5
26
4
405
4
4
37
18
4
4
37
18
4
14
14
14
13
13
72
18
70
4
33
33
33
33
33
33
33
33
13
28
4
18
18
18
18
15
101
44
414
51
18
27
18
18
129
33
33
33
33
33
33
42
33
33
33
33
33
33
33
33
33
33
33
33
33
33
33
90
90
1
37
4
4
37
4
4
28
64
14
18
14
18
42
33
33
33
23
23
33
42
42
42
33
33
33
33
33
33
33
33
33
33
42
155
14
43
30
1
18
13
18
18
14
18
14
14
33
33
23
42
33
33
33
33
33
42
18
44
18
18
13
33
14
99
33
42
23
23
33
33
33
42
13
42
37
1
13
42
33
33
42
1
74
74
74
33
33
33
33
33
33
42
42
42
42
42
42
74
18
2
42
13
13
14
1
1
14
74
27
74
74
74
74
74
74
74
74
74
74
74
74
74
74
74
74
74
74
74
33
14
33
74
74
74
42
42
43
42
13
13
102
74
74
74
74
74
74
74
74
74
74
74
74
33
42
33
33
42
23
33
33
33
33
33
33
33
33
23
74
33
42
42
42
42
42
37
37
18
1
14
74
74
74
74
14
33
74
27
42
42
42
33
33
33
42
74
74
33
33
33
74
42
42
42
42
338
42
33
42
42
44
90
74
74
74
74
74
74
14
74
74
42
33
42
33
33
33
42
33
42
42
1
1
1
1
1
42
42
1
14
33
13
42
74
74
42
33
33
33
33
33
74
42
42
42
42
33
74
42
42
42
33
33
33
33
42
42
42
33
33
33
42
42
42
42
42
42
205
172
150
42
42
74
42
42
42
42
42
13
63
42
156
44
74
74
74
99
74
74
33
33
42
42
23
23
33
42
74
42
42
42
42
175
42
42
42
42
42
42
120
14
74
14
82
14
42
42
33
42
33
33
33
33
42
42
84
64
1
44
1
42
33
33
14
74
33
130
33
33
42
42
42
33
74
42
42
42
33
33
13
90
71
14
33
33
14
33
33
33
33
42
33
42
42
42
33
42
42
33
33
26
1
74
14
33
33
33
42
74
33
33
1
243
14
196
44
42
33
30
74
51
74
74
33
33
33
33
33
249
30
74
74
26
42
42
42
172
37
1
1
1
54
33
122
30
14
99
42
44
23
102
90
30
33
33
74
74
74
39
30
1
278
74
74
74
172
44
39
251
36
258
74
251
39
36
183
1
148
1
44
44
415
26
30
44
5
226
26
158
154
155
155
89
248
36
3
24
44
26
26
213
155
239
416
158
150
120
157
113
44
44
213
213
155
94
94
94
94
183
272
1
1
1
71
30
91
249
237
30
54
89
44
90
154
90
26
133
42
61
272
244
68
1
36
112
47
244
178
68
30
178
178
178
178
178
178
225
47
26
261
140
196
244
120
36
71
102
178
178
47
178
178
178
178
71
130
94
140
3
243
266
44
183
99
214
194
217
36
44
156
248
248
178
47
89
178
178
262
140
178
178
42
224
91
140
140
311
112
112
140
201
272
36
89
18
231
178
196
140
196
262
130
36
36
1
71
44
235
36
140
144
36
69
44
211
90
51
247
140
244
140
140
417
266
243
10
264
36
223
36
26
320
272
272
272
272
44
44
224
243
36
251
251
211
201
418
44
183
183
250
44
249
249
44
44
44
300
44
196
47
47
298
272
298
419
215
84
225
36
158
99
140
225
94
36
94
99
130
272
251
68
196
215
140
225
47
223
420
51
345
68
272
272
201
140
243
140
140
304
68
130
347
243
237
192
244
158
251
201
218
251
84
4
156
10
251
101
224
44
140
140
158
381
251
47
332
36
249
249
249
249
249
183
26
251
237
249
249
249
198
183
211
47
298
36
68
140
47
381
252
140
115
115
350
196
44
101
201
215
140
215
183
26
101
252
183
183
260
386
140
101
36
384
36
92
18
44
205
351
47
4
14
69
249
140
334
235
251
252
158
101
99
217
18
134
23
183
249
353
68
158
225
196
114
196
120
99
43
4
249
183
249
183
47
249
249
249
249
183
183
183
249
249
249
249
249
183
332
249
249
249
183
249
183
47
183
249
183
183
183
249
183
183
183
183
183
249
183
183
183
249
249
249
249
183
183
249
249
183
183
249
183
183
183
249
183
183
183
249
249
183
249
183
183
183
183
249
249
183
249
249
183
140
36
51
251
211
249
249
156
285
249
183
183
183
249
249
183
183
183
249
183
249
183
183
249
183
249
249
249
249
249
249
249
140
249
249
249
249
332
196
237
252
363
249
156
249
285
249
249
249
249
183
140
249
249
68
68
47
262
26
68
211
249
68
249
183
36
44
158
158
347
183
252
293
332
209
211
267
101
101
77
140
99
331
10
237
101
120
101
101
183
156
215
332
156
64
320
140
158
285
293
43
101
101
285
298
140
421
218
47
134
101
363
331
285
285
140
5
140
120
158
5
43
43
101
422
112
285
197
140
156
69
350
211
208
101
211
211
211
293
169
410
13
350
140
271
4
4
4
27
4
18
18
18
4
18
18
4
4
5
3
4
18
3
4
4
4
4
4
13
37
4
4
4
18
18
18
7
18
18
18
18
17
27
4
18
13
7
14
13
27
18
4
13
4
4
18
18
18
18
1
18
4
4
13
13
13
13
5
39
423
16
27
7
7
19
18
18
18
29
18
13
13
18
4
5
13
18
18
4
18
18
18
18
14
18
18
78
13
78
18
424
13
13
4
36
44
13
18
44
18
4
18
18
4
27
4
18
18
18
23
13
18
13
13
13
18
18
13
52
5
5
18
18
18
18
1
18
13
18
18
18
14
18
30
31
13
78
14
18
13
4
1
1
44
13
13
27
14
13
27
95
33
120
13
43
4
1
18
18
18
18
27
14
27
27
13
54
13
18
18
4
18
7
78
13
39
14
87
27
115
18
15
18
18
18
13
39
14
5
63
18
13
20
18
7
118
113
27
14
64
66
18
18
18
18
1
18
2
27
425
426
7
18
107
109
107
3
3
18
18
44
14
27
44
155
90
36
26
18
18
39
64
117
44
192
84
37
36
51
155
155
14
30
64
84
7
1
1
36
14
90
225
76
5
14
43
115
18
272
18
37
18
30
30
51
5
100
7
94
54
54
125
39
172
172
37
18
44
14
39
36
267
90
427
140
129
1
81
39
1
90
90
71
5
47
30
71
90
26
90
90
90
90
94
69
94
131
84
112
30
44
250
3
5
154
90
90
84
172
167
36
91
3
5
178
178
165
37
90
90
239
90
215
205
36
36
30
262
2
417
30
223
239
44
71
44
90
128
68
120
243
91
43
243
44
249
293
77
211
47
183
69
211
232
383
211
18
74
13
13
18
1
14
7
27
5
33
33
18
95
14
14
33
33
33
33
42
42
1
14
14
202
13
1
42
14
18
74
42
84
18
18
74
74
74
74
74
74
42
42
84
64
64
74
33
42
1
36
273
44
99
54
42
54
54
243
235
197
197
54
30
54
278
39
18
4
14
5
13
5
4
5
36
43
14
4
18
18
43
13
13
4
13
13
33
33
33
18
136
13
1
14
13
7
7
219
74
14
14
14
33
33
33
33
23
14
44
99
99
44
51
44
47
33
14
74
13
43
43
43
13
13
14
13
30
33
33
33
42
42
33
42
42
33
42
42
33
33
33
33
33
33
33
33
33
33
33
42
42
42
42
42
42
33
33
33
33
33
33
33
42
33
33
33
33
42
33
33
33
42
33
1
1
1
36
44
18
44
13
13
37
36
1
44
69
14
14
15
69
44
74
74
33
42
43
14
74
74
74
74
74
74
74
74
23
74
74
74
74
74
74
74
74
74
42
74
74
42
1
1
64
64
13
15
1
64
44
1
1
43
52
14
33
33
26
99
74
33
33
33
33
42
42
74
42
42
15
14
99
33
14
74
42
42
42
33
42
42
42
14
39
42
15
54
14
36
33
14
42
83
14
14
111
14
42
13
39
44
18
90
71
37
99
99
99
91
36
249
215
215
99
298
298
298
36
43
14
44
99
36
30
14
90
90
140
1
44
42
14
30
30
30
183
183
30
5
237
14
99
202
101
44
172
211
374
201
39
91
140
298
44
44
44
47
36
183
83
30
44
298
94
237
225
201
314
314
36
272
298
272
315
315
156
298
237
211
237
298
198
215
140
10
243
249
249
77
211
249
215
150
101
77
77
77
77
42
43
134
183
249
249
183
249
183
249
249
249
249
183
249
183
47
99
211
211
211
140
197
7
7
7
158
7
211
9
4
4
7
7
7
7
7
272
52
37
13
14
13
18
18
14
51
14
31
89
14
43
13
39
36
94
30
172
109
54
36
101
44
99
64
1
211
44
237
150
42
42
215
42
33
14
90
1
71
187
42
14
33
201
272
201
272
311
30
1
140
90
140
252
211
211
381
101
33
27
42
42
42
99
77
235
245
13
4
33
33
26
18
33
14
1
274
33
42
42
74
74
14
44
74
74
74
74
74
74
23
33
42
74
14
33
42
14
42
42
42
42
74
42
14
74
41
42
235
95
33
33
33
215
235
74
99
44
112
131
1
30
31
1
243
197
30
44
44
156
235
36
247
99
133
243
223
1
338
140
320
252
428
18
251
251
183
68
134
183
249
183
99
197
249
196
134
249
68
399
393
140
77
215
77
237
77
77
2
198
4
18
4
112
18
18
18
18
148
18
18
18
4
107
74
44
27
36
29
99
90
71
90
33
42
74
90
42
39
183
36
36
44
224
30
30
30
115
5
44
429
30
44
83
64
47
430
44
44
234
44
245
140
224
44
106
71
44
262
178
178
178
178
178
54
178
178
178
178
140
252
251
47
44
44
99
311
47
44
201
68
431
68
77
68
68
68
251
251
77
26
68
99
249
249
249
249
249
252
120
293
68
68
33
77
77
183
183
249
249
249
251
36
235
68
47
77
77
249
249
249
249
249
249
249
249
249
55
28
17
17
13
7
13
4
4
4
13
13
18
13
18
18
18
18
27
7
14
18
7
24
24
51
18
18
18
4
1
42
14
14
155
44
54
44
211
44
94
249
69
77
18
17
13
18
1
43
90
36
18
74
71
243
4
91
18
14
1
30
42
99
84
84
39
44
99
39
44
136
106
47
115
51
5
1
90
84
84
250
5
24
5
59
115
1
5
5
304
432
30
30
5
36
30
90
33
42
252
357
99
18
99
298
64
36
52
218
90
264
150
44
76
30
1
178
248
99
30
248
140
140
54
30
379
99
353
36
335
243
298
40
296
44
249
10
243
47
262
4
101
10
252
237
36
183
183
249
196
183
249
249
249
249
249
249
249
200
158
375
68
27
2
3
27
4
4
18
18
1
18
18
18
37
4
20
18
54
18
18
18
28
18
32
18
74
74
18
18
27
18
44
18
7
122
54
14
99
44
44
211
158
4
30
52
90
44
54
1
42
74
64
1
77
140
18
7
13
30
4
1
74
74
54
303
101
7
412
44
44
252
235
54
90
51
240
18
36
30
74
37
47
90
18
18
84
190
89
180
90
90
90
427
37
5
3
47
225
427
37
89
44
44
296
296
37
52
84
51
90
54
251
18
36
63
18
357
298
178
13
183
14
14
44
243
13
178
30
39
158
44
5
74
99
249
13
18
54
64
54
140
426
71
178
178
18
101
90
77
77
5
5
74
54
36
379
99
44
33
33
68
18
42
112
5
91
101
204
44
1
1
44
42
28
44
102
30
68
44
54
54
42
42
42
42
14
1
47
42
42
36
44
54
54
99
156
178
1
209
44
14
42
42
36
120
1
99
273
1
5
235
36
18
84
44
33
33
44
237
44
18
36
321
224
298
168
47
140
47
77
33
211
14
215
77
77
77
77
215
140
77
77
211
47
47
47
99
99
249
101
134
36
99
211
357
44
36
211
77
77
252
211
237
120
77
77
42
77
237
77
386
120
44
1
211
383
1
165
198
144
4
4
4
39
13
18
27
18
27
27
13
4
14
4
13
13
18
1
52
4
18
13
18
18
33
18
18
18
94
33
33
42
42
18
14
18
30
115
1
18
1
14
14
14
13
77
1
14
33
42
42
13
42
33
18
26
44
4
90
74
74
74
74
42
42
74
44
47
74
33
74
42
124
74
33
30
42
1
237
249
44
178
379
91
83
140
77
77
183
183
44
211
244
156
101
5
13
13
18
18
18
13
4
84
71
13
54
149
44
39
30
1
83
4
43
14
7
5
44
33
42
42
33
14
74
74
99
99
332
30
272
243
39
44
150
14
30
42
134
51
101
101
27
33
44
215
43
272
18
18
1
99
30
384
243
90
44
75
14
51
74
42
18
18
1
74
111
42
42
54
1
36
15
14
42
14
33
39
216
51
33
18
74
71
74
36
83
64
1
14
90
14
14
14
14
71
37
5
36
14
5
5
1
30
54
44
178
30
43
1
30
5
54
54
187
5
44
74
91
99
68
101
224
140
120
33
23
42
27
14
30
54
4
13
74
74
1
71
42
42
42
42
42
178
140
183
272
13
1
99
33
335
44
64
1
39
71
178
44
83
52
237
47
47
111
294
237
54
14
30
14
44
249
40
54
8
52
33
18
99
102
111
18
203
74
33
36
44
30
196
101
235
74
42
39
14
178
47
1
304
36
156
167
77
91
198
39
74
30
1
42
42
1
42
42
30
1
251
44
249
249
249
262
18
18
7
30
33
14
74
33
30
42
135
47
11
178
47
375
44
44
14
74
172
13
243
18
74
110
33
211
69
74
10
30
33
145
74
51
91
39
1
84
84
44
112
140
74
4
36
13
42
13
30
287
47
44
249
33
36
299
1
30
33
44
242
91
383
101
99
211
4
13
4
13
17
18
53
4
18
14
33
33
42
14
69
33
42
42
42
42
42
42
33
240
74
33
51
44
294
178
308
30
36
47
243
47
266
249
249
47
47
211
36
68
386
13
27
90
1
18
44
39
36
243
18
74
74
74
433
44
107
33
33
294
74
14
37
225
44
146
99
167
44
37
42
74
39
99
252
237
77
357
211
27
2
77
44
77
42
1
33
44
43
43
7
18
36
44
37
5
1
115
237
74
74
69
208
44
99
44
99
14
5
99
252
120
18
187
101
14
4
4
43
27
248
140
39
42
13
74
42
249
44
237
140
14
18
51
42
37
94
54
39
75
42
36
44
42
33
77
44
14
30
5
5
14
13
5
30
14
120
4
18
44
13
26
64
42
1
18
14
69
33
134
5
42
120
99
77
75
44
211
237
30
18
18
14
44
43
30
30
26
31
224
23
42
1
4
36
13
30
227
30
211
249
1
84
68
77
7
13
91
13
54
54
4
4
42
42
74
74
74
23
42
42
42
42
33
68
140
178
178
115
249
47
118
140
84
27
18
14
27
14
64
211
33
44
1
74
1
39
1
13
36
10
43
47
272
10
69
215
140
101
74
225
36
1
243
249
215
36
4
74
80
90
44
99
12
99
77
215
14
211
1
74
14
33
201
18
30
33
43
71
14
1
1
90
39
1
262
74
42
39
136
102
27
90
42
33
250
14
30
18
18
99
6
13
59
32
42
178
36
178
33
44
258
278
44
33
71
42
14
14
71
54
54
42
42
42
81
211
30
33
71
33
211
5
90
1
30
183
140
182
36
99
99
47
14
240
3
140
99
14
14
14
203
33
33
211
3
44
36
36
1
133
42
243
18
33
69
18
299
14
14
44
42
74
42
47
223
156
74
18
134
33
30
18
33
18
71
13
94
4
24
321
18
231
155
18
42
42
33
30
172
51
51
14
90
78
44
1
47
33
78
4
13
47
120
5
44
36
30
30
101
30
33
36
18
101
99
30
14
249
434
14
14
33
99
18
14
33
237
120
18
1
234
89
33
18
74
27
42
74
36
37
33
33
74
36
5
23
74
18
13
99
23
27
42
84
74
33
33
183
42
42
130
4
14
39
42
101
14
13
74
243
33
18
74
42
156
115
42
133
28
120
18
39
74
33
1
120
42
158
13
42
14
129
99
47
18
36
1
44
102
1
4
44
435
18
311
1
14
37
18
298
44
13
4
140
47
33
74
14
44
42
4
71
14
33
274
42
42
130
69
42
225
140
30
337
42
42
154
249
47
14
14
71
42
18
13
14
18
33
33
251
1
3
15
55
69
322
27
215
44
14
18
33
42
140
33
178
33
74
42
33
74
13
14
30
18
74
33
33
23
23
1
18
201
14
42
115
14
39
14
99
26
13
111
99
120
1
74
3
115
115
115
52
5
115
115
4
30
1
115
4
115
30
5
33
123
5
18
72
18
13
4
13
20
77
262
36
30
90
18
44
14
128
77
36
145
5
44
1
83
14
84
27
47
99
18
75
14
14
20
43
112
4
78
44
40
37
128
14
203
36
44
211
4
4
42
98
156
18
14
18
26
99
83
18
18
14
18
18
4
36
4
4
44
134
18
18
18
44
18
84
18
4
44
18
13
44
18
10
27
39
13
436
169
4
4
4
140
13
77
36
239
42
18
14
140
42
4
4
1
134
245
42
388
1
134
268
140
133
15
39
26
27
437
4
130
18
225
335
33
42
101
197
101
44
251
153
31
44
262
18
1
18
251
197
1
18
156
347
18
47
196
26
183
158
262
74
33
215
18
77
14
27
140
33
140
18
1
1
72
154
381
251
64
4
44
201
101
14
140
27
14
18
13
364
4
14
7
26
68
44
133
44
438
10
128
133
44
44
140
439
47
47
237
140
37
44
196
440
209
13
187
1
381
36
77
14
44
101
140
18
44
44
211
5
4
14
18
20
99
1
77
43
77
18
227
101
169
101
140
44
42
5
120
323
68
397
99
14
272
83
14
47
13
13
18
140
44
44
14
