1
2
3
4
5
6
6
7
6
5
5
8
7
9
10
8
11
12
13
14
12
9
7
15
9
16
12
16
13
17
18
17
19
20
21
22
4
4
4
5
23
4
4
4
4
24
7
25
26
8
27
28
29
30
31
32
33
34
35
30
30
36
36
9
37
38
22
39
40
41
42
43
44
32
45
42
46
47
48
49
50
27
51
52
53
54
11
55
56
57
58
59
60
61
62
63
64
65
66
67
56
68
57
69
70
71
72
73
74
75
76
58
77
78
79
66
24
22
22
80
81
22
22
22
9
82
71
83
22
84
79
85
86
87
88
79
67
68
89
79
90
91
22
22
22
4
4
92
4
4
93
22
94
22
7
24
84
22
22
67
95
57
87
96
70
68
97
79
87
79
77
87
76
98
89
75
67
99
59
67
67
22
9
99
4
100
101
93
4
4
4
65
55
77
79
90
73
102
103
104
105
85
74
22
106
107
63
75
93
108
93
109
67
22
110
7
7
4
4
100
4
111
112
113
92
74
89
93
105
75
67
7
22
35
36
114
41
32
115
116
116
116
117
118
32
119
89
22
67
75
75
93
110
111
4
116
120
32
121
122
123
124
125
6
126
127
128
123
74
129
52
35
130
75
131
132
18
133
9
128
134
135
35
123
35
30
35
35
7
136
107
128
137
33
65
138
15
74
127
35
35
139
140
141
125
82
113
142
143
144
43
123
36
43
75
145
123
146
130
147
148
149
150
151
152
153
154
113
155
156
157
158
148
159
160
161
162
163
164
146
43
146
123
165
123
113
161
113
104
166
113
167
168
169
41
42
170
171
29
29
113
172
173
166
174
174
44
175
176
177
134
30
29
34
178
42
8
179
180
147
49
104
171
177
126
181
182
48
183
150
36
177
184
113
113
113
41
181
185
113
186
149
29
30
30
104
187
132
188
189
30
41
190
191
192
193
194
186
181
171
195
171
41
167
196
197
27
135
198
199
52
136
200
113
123
201
33
183
171
163
202
36
52
15
104
30
148
113
203
154
27
204
205
206
207
208
209
52
210
211
36
212
150
182
183
172
145
213
50
50
214
53
171
215
216
48
217
136
32
48
171
171
216
3
218
219
11
220
221
220
220
221
222
223
224
65
225
14
226
227
63
68
68
65
58
65
228
65
65
229
230
7
86
225
231
56
232
65
233
56
68
112
74
234
235
76
236
237
238
239
65
240
68
230
68
241
74
242
89
89
126
69
63
4
243
244
65
29
245
246
83
91
63
234
100
93
4
4
4
4
4
111
247
248
202
105
249
250
233
108
108
251
101
35
252
75
35
116
41
32
253
27
254
32
161
255
96
256
257
149
258
259
9
98
67
35
161
41
161
260
155
67
261
262
126
52
140
75
75
75
222
35
35
32
35
190
263
175
263
264
41
265
161
189
266
15
32
267
180
180
180
180
268
269
180
270
200
180
271
127
272
35
273
18
157
274
274
198
29
201
201
275
41
41
29
276
277
278
279
110
193
258
40
280
281
282
283
243
43
123
75
284
272
285
218
286
30
150
41
181
287
288
289
160
201
198
29
160
29
290
291
42
292
293
118
294
295
193
296
118
149
163
297
269
298
299
300
301
271
143
210
202
202
196
275
302
36
303
170
304
44
181
263
305
306
307
285
107
52
308
217
163
166
309
269
308
200
200
297
52
122
32
186
310
33
25
181
311
183
25
160
197
312
313
145
314
298
169
315
316
126
317
298
202
318
298
52
297
50
202
319
147
275
15
320
183
150
176
30
53
202
321
143
322
143
323
324
113
194
243
194
183
325
194
28
9
326
44
206
327
297
328
329
182
330
39
331
25
140
165
181
34
290
332
27
333
334
335
334
145
194
163
147
171
113
183
194
336
45
150
307
200
337
328
189
171
181
338
107
36
339
340
171
27
163
181
181
341
342
219
342
168
221
342
221
218
220
218
220
218
218
218
342
218
220
220
220
220
218
221
221
218
342
342
218
220
221
221
218
221
218
342
342
218
343
343
50
344
344
345
333
227
346
58
347
32
348
277
180
112
349
350
209
351
226
351
194
352
248
73
353
354
35
346
355
247
356
357
358
68
180
359
29
360
361
362
363
364
351
365
4
366
367
368
367
369
370
368
371
372
362
373
374
79
233
335
61
375
268
4
35
35
376
4
377
378
378
379
346
247
380
89
283
295
308
101
381
59
251
4
41
35
41
263
41
41
150
41
382
141
194
144
333
333
383
50
383
24
9
183
384
32
41
41
289
287
41
160
148
41
263
29
9
246
385
188
298
386
295
295
258
387
32
18
174
41
289
41
388
389
150
41
150
248
248
390
308
391
392
198
50
41
287
82
182
291
89
393
193
394
395
258
309
396
397
271
398
271
271
140
230
194
181
183
399
287
155
400
180
401
402
403
200
395
145
404
248
297
145
324
53
405
196
36
319
42
406
407
23
408
409
143
410
402
411
202
412
413
283
202
194
48
106
414
415
416
290
417
418
419
137
420
421
200
422
110
161
325
39
163
423
424
48
425
32
81
426
36
183
427
189
190
428
315
169
390
429
430
431
432
433
257
434
181
435
287
277
197
436
437
297
390
243
438
439
53
283
440
441
337
338
442
189
436
443
409
444
445
418
334
446
447
448
194
449
286
15
303
437
208
450
447
145
32
451
197
349
419
443
443
328
452
283
453
32
454
455
339
163
199
456
32
457
189
279
458
342
221
218
342
342
342
218
342
459
460
27
206
194
342
221
342
221
218
218
221
221
218
218
342
220
221
221
221
221
220
220
221
218
218
221
221
221
218
221
221
220
218
221
218
218
342
218
220
220
218
181
461
218
342
343
343
258
165
188
462
463
350
78
464
78
465
354
226
226
353
112
466
29
121
467
225
468
469
470
235
471
467
468
188
145
472
74
473
474
319
335
296
4
4
475
476
477
225
379
7
452
478
67
479
480
481
482
237
483
483
484
485
486
487
484
371
488
32
41
489
490
374
97
333
59
35
251
90
491
492
180
93
493
494
495
74
496
496
497
309
498
413
380
496
499
500
319
501
263
185
502
256
96
335
103
71
503
195
71
497
40
32
504
81
41
505
29
506
89
507
256
508
310
144
32
284
327
440
100
185
276
41
509
510
511
202
381
512
132
100
32
399
41
307
246
513
514
498
432
364
330
50
308
198
25
25
491
362
29
113
515
41
41
190
516
517
241
202
325
392
518
417
113
194
519
243
439
308
380
520
282
521
522
50
202
248
319
523
190
276
155
524
525
335
267
283
392
393
464
526
282
300
300
281
39
527
50
324
504
183
528
41
290
332
406
529
9
210
258
530
281
283
440
283
319
528
199
328
531
297
532
411
390
533
258
52
137
194
534
521
202
171
170
535
297
325
137
403
536
258
454
537
424
538
484
168
217
322
539
431
420
210
447
66
540
541
542
543
182
403
390
32
210
544
190
42
395
545
454
151
150
189
199
427
460
334
342
342
249
342
546
357
547
206
342
342
218
218
218
218
342
199
461
342
218
218
218
221
342
221
221
221
220
221
221
218
342
342
218
343
343
343
343
343
343
343
343
343
343
343
548
343
435
41
549
350
188
58
468
550
303
29
354
1
551
435
485
112
41
112
150
552
553
354
308
80
506
188
265
349
554
555
556
506
308
73
557
558
371
371
41
559
560
350
561
229
506
509
321
321
562
500
475
475
488
481
563
450
564
367
565
566
567
365
380
511
464
286
185
365
350
392
246
296
269
202
327
499
4
4
160
41
41
10
45
45
295
568
569
440
314
570
413
571
572
112
144
560
573
574
504
41
227
392
575
316
576
310
269
577
293
188
578
185
460
41
579
144
180
580
144
491
365
581
413
582
283
210
583
26
484
484
320
435
41
9
335
584
325
431
585
586
330
330
145
63
504
587
190
158
264
579
24
325
464
588
424
210
381
50
589
330
283
590
9
185
102
390
137
243
549
591
591
586
592
283
432
521
283
593
523
276
594
595
32
390
281
596
283
441
381
597
598
598
599
15
483
431
400
390
600
314
424
200
183
504
190
113
601
210
602
156
137
334
186
342
196
603
15
604
544
605
427
15
523
606
607
425
197
435
190
447
390
413
275
168
163
451
44
608
599
609
297
610
611
194
277
183
427
136
199
612
613
181
210
389
614
190
199
615
9
206
443
441
275
616
617
32
199
618
194
443
163
619
620
620
319
342
546
621
527
622
342
484
623
624
625
53
53
218
304
218
342
626
621
554
191
357
627
342
342
221
628
629
342
342
630
631
342
342
342
53
343
323
343
343
343
343
343
632
633
634
454
635
29
41
287
184
41
636
637
607
310
335
638
638
150
55
639
485
319
485
640
560
407
585
393
506
531
641
642
643
644
150
353
256
645
41
225
467
85
85
85
68
510
233
243
646
647
504
435
346
648
470
49
649
470
233
470
470
440
638
387
367
650
450
237
651
450
188
225
504
185
464
641
333
32
533
290
161
392
392
647
466
652
560
335
653
59
654
388
607
137
295
396
433
590
59
32
399
379
379
504
41
41
264
96
655
656
364
364
66
92
657
32
32
379
658
659
46
660
661
545
364
299
662
32
379
334
210
663
664
390
665
450
417
666
667
668
669
210
300
15
670
671
271
410
668
498
32
282
224
672
81
529
667
411
673
156
309
424
318
424
334
591
424
283
333
50
424
674
41
675
676
1
595
514
445
327
677
283
424
527
381
678
679
421
60
517
680
150
681
664
620
682
431
299
672
424
683
684
41
399
273
41
263
150
680
555
32
232
156
679
521
685
612
579
399
399
686
687
688
195
689
50
690
9
670
456
190
218
691
466
688
496
410
692
171
454
693
680
650
694
313
153
695
696
181
697
115
698
699
15
356
700
617
541
701
702
703
343
263
196
408
704
705
701
288
599
258
706
561
342
342
342
707
542
451
504
32
687
708
620
620
620
620
342
342
171
171
434
343
32
709
710
711
342
53
53
53
504
670
288
342
221
712
32
504
713
499
714
163
715
342
418
716
717
718
218
221
714
53
343
343
343
343
343
353
719
343
343
720
721
722
723
724
343
21
287
215
201
354
725
642
726
388
727
728
729
730
731
350
411
506
732
659
239
495
376
188
185
623
733
734
464
573
74
102
573
735
462
464
736
737
300
738
333
739
335
542
646
132
435
185
740
741
247
78
78
32
261
742
444
72
462
743
477
376
641
483
645
260
671
535
649
744
573
358
745
65
283
32
210
150
466
475
746
747
41
225
150
165
748
516
7
78
518
4
681
344
435
116
504
504
150
749
41
82
49
750
466
424
751
32
251
32
150
694
570
752
294
735
649
229
753
334
545
202
92
504
32
219
41
754
145
32
32
755
756
671
757
55
518
607
325
677
200
758
759
32
342
32
290
658
41
579
760
760
510
761
75
762
424
526
521
504
225
7
685
377
763
139
591
666
483
764
334
765
334
448
766
399
209
256
767
768
254
596
521
769
770
485
32
680
254
771
150
23
525
772
773
555
774
283
675
671
775
669
342
116
702
484
41
264
437
555
310
776
282
454
115
484
309
769
678
441
777
263
207
778
5
32
32
779
267
780
526
781
695
339
441
599
782
437
783
784
785
706
786
543
300
504
184
447
276
459
525
776
537
170
787
23
181
670
288
208
38
620
66
714
714
454
788
249
504
115
249
189
263
789
342
790
791
714
212
454
792
172
783
419
328
714
714
714
342
427
619
320
793
172
154
708
275
715
715
715
342
670
594
346
41
670
367
189
343
207
212
199
342
715
342
342
342
794
363
42
286
189
436
53
342
795
343
796
718
499
620
797
637
369
221
221
221
220
346
343
343
343
343
343
343
798
548
346
714
343
343
343
343
343
343
343
720
58
41
188
343
343
724
555
454
799
112
388
603
454
231
800
801
232
802
368
803
321
275
121
435
388
55
804
549
407
309
391
386
511
490
249
256
805
806
300
78
711
464
807
808
575
809
810
150
131
566
463
741
75
78
811
812
813
71
814
132
739
815
816
817
9
392
818
56
812
573
150
239
648
32
209
819
569
32
663
450
820
32
150
185
821
804
322
250
761
342
504
263
150
822
513
823
824
825
662
661
32
399
826
824
827
55
250
828
32
578
342
276
225
829
275
685
15
41
830
483
253
300
474
678
498
25
41
578
560
831
625
50
431
657
41
182
832
560
833
267
834
300
165
835
594
836
435
693
41
10
10
657
11
582
245
678
81
615
837
838
839
750
385
424
840
276
276
841
276
842
554
843
755
41
844
845
706
846
115
288
847
680
848
664
595
849
631
454
850
755
851
780
687
288
852
791
614
245
150
793
599
853
154
37
842
465
854
283
303
715
435
855
619
610
275
261
714
856
555
857
835
42
858
194
454
859
32
714
714
53
53
714
623
223
860
199
115
599
599
861
714
714
53
714
456
599
862
863
408
714
714
623
504
277
755
864
614
715
715
715
715
342
342
342
865
451
628
755
866
722
867
599
599
414
189
599
323
715
715
715
715
342
342
218
342
868
868
636
869
277
796
53
342
342
53
197
189
870
796
871
342
342
872
873
189
867
306
835
874
389
875
221
218
218
343
221
218
343
218
467
876
719
343
343
343
715
343
466
7
877
225
468
343
343
16
719
878
354
879
343
343
343
555
456
880
302
647
131
485
720
881
882
338
725
333
388
388
571
411
393
737
737
573
14
232
188
366
883
465
883
548
464
884
262
407
407
294
318
701
354
256
885
886
464
137
84
581
53
435
887
578
787
888
464
889
243
890
890
891
660
892
893
150
228
814
468
838
233
745
838
836
150
894
895
896
32
650
897
898
899
900
901
902
502
903
32
254
626
904
32
32
41
579
10
905
576
713
816
906
139
32
32
578
504
907
437
655
443
350
908
829
909
910
909
883
595
32
911
597
38
912
913
838
906
483
914
915
758
265
671
405
505
916
917
607
245
918
591
794
15
919
431
920
45
815
921
444
532
591
424
424
424
50
846
215
843
613
305
920
206
922
206
923
771
768
96
924
925
926
263
276
276
922
920
922
920
38
927
38
253
545
424
333
758
150
928
437
414
927
38
929
45
428
582
762
496
333
791
930
670
783
505
181
541
784
286
800
870
901
848
263
162
399
311
931
325
695
19
253
115
542
437
594
253
932
595
531
390
245
933
934
447
850
935
936
847
609
183
18
645
937
938
66
939
43
940
714
714
714
714
714
714
451
603
788
925
154
154
850
541
941
434
496
861
554
714
714
714
714
714
714
942
755
943
277
154
895
858
944
657
910
945
946
66
714
714
714
53
451
614
199
285
866
264
276
850
579
437
927
788
688
947
714
53
218
218
218
485
715
948
599
949
670
950
253
427
169
715
715
715
714
218
218
454
637
343
532
556
189
447
599
624
858
342
623
715
342
873
693
787
926
951
783
172
172
42
447
718
952
541
873
623
342
342
873
639
456
277
446
953
172
954
950
955
199
277
950
447
637
866
276
196
956
167
199
951
172
637
957
958
342
959
851
960
342
342
20
619
960
221
221
218
218
221
961
719
342
343
962
720
218
343
719
218
714
343
343
343
720
719
343
343
343
343
343
343
343
343
343
963
964
965
966
72
29
225
902
343
343
343
343
967
885
787
468
382
111
343
343
968
366
969
970
969
552
741
899
463
886
66
971
972
973
390
334
974
240
975
976
53
966
846
977
445
711
787
585
978
298
888
930
707
655
607
892
520
503
238
979
259
535
978
980
981
824
673
169
982
902
390
982
976
983
984
983
534
898
400
985
647
32
886
986
740
74
983
577
987
988
989
990
111
991
344
812
150
150
886
84
492
992
607
808
993
906
994
578
995
996
728
909
997
998
109
768
288
836
9
135
378
999
931
664
921
1000
989
32
253
1001
400
909
700
828
635
1002
1003
150
754
275
15
484
35
45
224
614
791
1004
766
895
435
182
1000
513
995
424
424
496
1005
982
1006
1007
1008
1009
776
791
1006
150
45
435
1010
15
1011
275
43
424
424
249
930
934
701
624
1012
443
764
333
670
504
701
828
275
834
1013
702
692
168
523
901
619
334
592
454
836
1014
435
447
116
342
819
951
884
66
458
609
165
447
179
1015
1016
1017
264
859
614
787
362
362
1018
427
688
1019
390
1020
978
714
714
714
714
861
1021
157
275
66
787
714
714
714
1022
344
154
154
154
858
955
23
1023
409
352
894
454
454
451
674
343
796
447
154
427
828
408
606
1024
347
714
218
221
435
755
447
599
277
950
42
504
199
845
550
715
715
218
224
556
447
556
277
929
852
276
599
624
1025
870
636
717
218
343
980
276
189
608
42
447
1026
476
717
342
868
116
639
867
797
338
943
613
1027
718
1028
342
196
843
933
485
435
19
456
1027
451
449
1029
330
1030
783
1031
218
218
343
53
1032
342
343
343
343
343
343
343
343
552
719
218
933
964
721
343
239
933
1033
1034
343
782
224
226
343
343
343
604
967
4
29
111
714
343
964
409
204
1035
573
1036
1037
1038
536
407
232
342
640
188
578
150
390
1039
1040
731
536
464
407
65
564
333
868
1041
1042
846
721
1043
624
889
889
629
738
638
211
1044
1045
390
169
1046
409
1047
1048
834
892
629
1049
918
483
121
926
172
437
368
897
615
1050
169
589
209
1051
300
743
1052
333
426
600
1053
761
1054
150
649
740
731
602
550
776
901
905
813
1055
888
901
909
475
1056
1002
898
767
1057
1058
309
1059
1009
1060
761
763
487
32
706
894
787
758
1061
479
843
320
150
645
701
1062
909
701
485
1063
1064
901
819
664
1065
834
424
1006
791
554
554
640
150
165
878
1066
10
848
1067
845
1068
679
1069
791
684
245
835
435
755
931
339
679
1070
339
993
614
485
988
333
1071
344
41
995
372
754
736
199
637
674
578
253
1068
787
639
636
554
554
639
639
787
639
787
150
485
116
628
199
1072
1059
150
629
978
344
114
935
435
276
663
399
484
168
611
611
1073
603
114
702
116
755
693
172
172
291
150
325
82
834
1074
787
714
150
116
756
929
441
951
418
714
636
704
435
935
116
850
367
587
447
189
950
1075
875
767
454
714
342
714
218
809
614
150
121
210
755
224
755
1076
447
702
1077
1078
53
342
53
454
702
1079
189
288
1009
618
782
715
874
349
556
29
447
537
657
714
1080
456
790
866
866
1081
717
342
1082
787
614
342
342
346
935
714
1083
796
1083
1084
866
1085
954
1083
1084
338
277
1086
623
980
758
54
1028
1084
1087
866
1088
1089
140
1084
1019
343
950
639
1090
1091
1092
1093
1094
784
932
447
1095
1096
330
19
165
1097
221
342
218
342
343
886
342
343
343
343
715
342
343
343
342
343
343
342
343
343
933
343
343
343
343
343
1098
343
343
343
933
343
45
218
343
343
343
343
343
933
933
552
967
323
1099
343
343
343
343
343
343
720
1100
1043
1018
343
386
933
343
1018
1018
388
21
228
343
343
343
343
343
343
968
1101
1102
1101
494
1103
343
968
1104
548
204
1105
1106
323
1107
1108
322
1109
1110
685
1111
49
812
782
782
973
1112
1113
1112
1114
1115
31
838
468
846
1116
1117
1118
825
888
374
739
918
165
885
981
218
353
247
645
1051
1010
361
1119
833
435
435
1120
264
1121
1122
1123
301
761
435
263
742
211
888
431
210
435
1066
1124
823
1125
1126
41
368
1115
253
525
870
836
45
1127
317
879
336
116
1128
762
861
993
681
1129
619
801
1130
435
75
771
1016
984
808
789
1130
554
215
1131
435
264
116
925
626
249
1132
916
809
1133
766
344
841
685
424
988
677
485
1134
636
674
1135
1065
1000
828
988
245
938
848
670
848
664
870
787
1061
165
435
747
615
685
256
180
1136
712
555
159
613
541
1137
1138
401
1139
172
372
664
452
444
434
714
212
1076
639
349
870
116
291
755
688
688
880
53
714
788
485
479
1140
1141
173
1020
766
53
768
1075
1142
951
696
1136
787
714
342
53
218
342
53
218
218
485
541
857
344
848
344
1143
253
474
349
1144
1078
447
447
202
636
278
224
114
253
1140
343
755
525
603
636
342
342
637
435
726
1145
363
1146
253
1147
715
1148
1149
715
196
454
614
342
870
224
346
1140
541
1084
866
778
1150
1135
717
20
1084
1028
954
1147
866
1151
1137
1085
954
1147
253
714
1152
1146
345
960
485
1153
871
887
887
953
1154
53
1155
342
1156
1154
1157
1158
557
1088
221
221
714
343
343
343
714
343
218
343
343
343
343
343
343
343
343
343
343
220
343
343
360
714
714
221
343
343
343
342
343
343
343
343
218
343
343
342
343
343
1159
1106
1018
343
933
343
1160
1106
1161
323
21
1162
343
881
720
1163
895
343
881
1043
1018
343
343
343
343
343
343
343
343
323
1164
566
933
782
1165
1166
1166
1001
1163
388
1167
323
109
1118
1107
1168
472
247
1169
255
264
1114
591
637
1042
1062
738
478
560
633
368
1170
1171
782
987
1172
1173
508
1174
1103
1001
1175
368
709
1059
723
1176
839
1177
1178
757
120
1171
678
1172
838
1179
917
475
604
1180
1181
243
169
987
1182
1119
1034
685
400
423
1017
569
1059
1059
1183
1002
1184
1185
390
1172
771
702
1186
1114
1187
988
781
368
1188
9
834
950
1121
56
1189
912
729
1020
1022
1190
1191
1132
762
883
374
1192
700
485
626
344
150
1193
913
1194
988
554
985
799
985
1195
1196
435
1197
45
1008
1149
488
1057
1195
685
554
991
1010
841
1198
1199
911
344
1065
1044
1130
677
787
1200
609
1201
1
1202
999
334
925
639
1201
1203
1139
1204
1072
591
787
758
1205
1041
207
256
1206
339
639
702
1148
1207
925
1208
994
910
1013
231
603
935
1009
275
1113
714
541
344
1209
183
346
1195
1210
990
787
856
714
714
796
766
1129
184
911
1140
627
1206
714
218
787
603
323
344
1211
887
1212
1213
1140
1140
363
1214
537
1215
218
218
1136
1211
669
787
1216
639
447
1146
1157
714
342
796
724
1209
1217
556
556
556
556
1218
783
1219
872
714
344
253
1220
866
207
338
911
1084
1221
623
1084
866
1222
907
866
1083
1085
1028
1085
1028
114
714
714
1223
1224
483
1225
1226
1227
1228
1229
1230
1231
1232
1233
1234
623
53
714
674
557
1235
19
1236
1221
1237
1087
1238
1239
1240
1217
19
1241
557
1242
1243
1244
342
342
1237
907
685
218
343
342
343
343
343
220
343
343
343
881
1106
343
218
343
220
343
343
342
453
221
221
892
888
343
343
1164
1245
1118
343
221
343
343
342
343
1246
1164
1247
369
931
1162
494
494
343
964
1248
1164
1249
1250
1164
494
494
993
343
1166
1165
1251
131
1162
489
705
323
1252
1043
717
187
1253
489
720
323
868
797
548
1254
1112
716
884
350
895
427
719
1107
1166
398
1255
1256
1257
705
467
1114
607
825
506
470
29
1
247
1258
1259
816
1001
1260
1261
1164
1262
742
695
536
878
361
1263
3
323
1264
1262
1119
1114
210
218
908
1265
1266
1034
359
464
774
1115
763
933
909
564
475
1267
550
631
931
931
551
895
1268
150
475
1262
723
430
1115
211
1269
211
371
264
673
430
1115
438
88
1270
150
150
1271
1272
397
607
210
499
1273
574
626
435
896
1111
1274
1125
1015
677
1275
150
150
795
1061
574
633
150
10
761
499
758
368
344
985
927
657
848
429
1276
485
1184
264
1066
895
1172
818
931
1134
787
848
985
541
1277
699
1278
657
1279
766
624
897
909
481
1280
150
909
1281
1134
1190
915
915
1054
1282
1169
707
285
1145
1283
665
1284
1285
541
583
435
425
1282
539
707
1285
639
114
557
1286
1287
336
982
475
1192
834
787
1184
114
504
555
485
1133
1157
1089
207
1288
1036
962
848
1289
875
53
342
915
1078
172
912
363
488
1246
1023
714
53
53
342
218
218
342
342
218
714
346
766
796
724
887
1008
1286
714
218
221
221
165
479
1148
949
146
342
218
344
639
1290
165
1046
943
1146
1154
909
342
639
724
948
851
1189
1180
1153
1291
1292
1293
1229
1294
1228
223
1295
231
639
557
370
1296
1297
871
1298
1299
527
346
587
207
1145
244
587
165
342
221
1156
796
557
557
557
1300
693
435
1212
915
343
933
343
933
343
933
1192
343
343
343
343
343
715
933
933
343
968
552
343
343
342
405
218
343
968
552
1106
973
343
343
888
707
343
343
343
343
221
343
343
1249
459
1162
1071
1103
1301
1166
1166
1118
5
1018
1302
15
567
1303
64
1304
590
1305
1306
1307
1001
182
41
1308
467
1018
782
742
1309
1310
1311
1312
1114
398
1313
1314
368
349
701
943
1144
489
1247
918
918
1177
247
1174
247
1103
1315
1114
728
1022
1103
860
985
1316
438
1317
994
1022
1169
344
1318
1319
1181
635
1320
725
921
368
1321
1195
685
831
1322
610
1323
1276
1115
211
1269
1321
574
117
841
1267
1324
1002
740
610
479
400
1173
1182
758
1129
1321
1020
1325
1326
943
912
685
673
422
607
520
685
841
1280
264
697
657
1114
911
1327
422
677
758
1119
915
1286
150
1328
435
927
1001
1329
1199
1196
1268
1330
1169
1324
523
1051
1112
758
1331
426
758
231
485
1332
946
433
777
1333
695
685
1334
1006
944
1189
1319
1036
1008
1335
435
988
267
1134
1336
693
1066
1337
1338
321
1339
1054
1340
499
342
231
435
1008
1330
165
1169
1192
541
722
1341
478
1321
915
1203
531
1220
1285
758
1211
1342
1068
231
1036
504
1343
485
975
483
295
1269
1344
424
592
787
685
1183
483
1345
834
1346
714
343
943
53
1247
834
199
866
1020
714
595
650
1347
1012
218
342
342
221
342
342
168
859
848
1348
1075
639
714
221
221
221
221
221
221
218
925
485
787
1087
165
688
218
218
218
345
858
880
717
951
1007
714
342
342
231
787
633
1229
1349
717
717
714
715
714
714
541
1350
1351
1352
1228
1153
1353
871
1354
871
1226
1228
1230
1355
1294
369
1149
1073
1136
715
1290
787
1356
1353
1357
1222
1190
1297
1358
1359
1360
1300
253
1361
1204
1240
1362
915
1210
911
1280
435
1158
954
1363
220
220
221
933
343
343
220
221
343
220
342
343
343
342
343
343
933
714
1192
220
1192
343
343
343
220
933
714
221
218
343
221
1315
343
1106
343
220
323
290
1364
1364
343
933
1365
1164
1366
1367
972
1368
221
342
933
265
494
1162
1369
467
1164
494
1370
1371
1372
35
323
1373
1259
877
1374
1375
450
1376
1377
782
1378
1379
942
323
1304
1164
1380
898
549
1381
184
468
467
1382
1039
494
626
1304
1383
830
637
247
533
293
1018
719
1262
489
732
732
701
1001
1124
1173
1313
534
996
550
507
732
686
533
1321
1001
888
1384
831
534
1327
1320
55
109
247
1351
879
948
1321
797
1193
165
1125
1385
1385
1115
607
982
1026
1268
1321
1321
1036
1280
1386
884
1125
1125
1387
831
740
1125
534
591
335
685
859
758
1388
1181
1036
1271
1389
581
1048
1247
1390
1221
766
1328
1271
897
1391
1326
685
492
812
740
898
1115
1333
333
819
1392
645
1226
165
1393
169
1333
536
590
263
855
1056
1123
184
1394
1395
1076
1237
15
848
165
374
426
911
863
583
1224
433
772
1396
1333
827
1397
1398
640
1399
1266
1038
4
943
775
499
1400
809
1330
355
1401
1402
1119
1403
1342
836
1065
539
1404
931
497
1405
834
809
880
1274
1406
1202
424
285
1407
766
531
1011
706
481
1408
1409
679
285
1410
1411
714
766
755
483
787
1285
880
639
960
207
1412
342
1289
664
842
789
692
789
1068
1068
758
1087
636
207
1413
335
1413
1413
773
1401
218
714
346
942
685
165
1292
165
929
842
525
1414
218
221
758
451
165
925
541
590
1075
893
636
53
220
221
220
220
220
1299
1415
1230
1010
1416
717
714
787
950
950
1229
267
714
714
714
639
782
1158
871
1417
1357
715
714
714
715
693
717
787
165
1241
1418
1084
1295
1058
950
1147
697
1253
1419
1152
1064
220
1213
1420
1421
954
915
715
1147
954
343
933
933
343
221
221
221
343
218
218
220
343
218
342
220
343
343
1422
968
961
323
1106
323
218
933
323
968
964
342
323
1423
1380
323
511
1424
489
165
1425
1426
1425
92
1427
1074
131
882
128
373
373
494
494
1428
323
731
318
343
964
1107
1429
1405
1430
1431
788
548
610
1432
1433
1261
782
1166
782
1171
824
685
646
1256
1434
9
1435
1436
1247
1437
1438
368
15
1098
1313
733
1174
483
1092
1439
1182
1177
1440
1338
645
799
1056
361
1441
1224
211
590
1442
1443
822
915
1444
831
411
831
1125
1125
1445
1109
590
1201
1446
1447
1079
1146
1448
1115
1053
534
1449
1268
533
640
1181
1271
264
1189
472
566
752
1113
424
682
682
1183
906
1083
1181
264
264
1391
1391
1439
1450
1439
1070
1183
1451
117
1391
1391
1391
1329
823
239
1319
442
442
1452
777
1073
1439
591
1439
541
1286
264
589
1453
1454
1455
657
1067
1456
1299
1457
758
1119
45
9
1427
1458
1104
657
1235
1285
1196
1459
974
1460
846
688
590
1285
231
1461
636
1462
1462
1463
1404
1247
758
609
766
896
483
483
1464
954
116
256
483
483
1465
789
483
1206
1466
787
1213
1467
205
1468
1266
1465
664
525
787
1285
1469
1470
207
1140
853
486
692
1471
1206
342
253
541
869
1391
714
1406
945
218
778
165
1219
714
1472
1011
717
221
218
221
221
218
221
221
1473
1337
871
343
1029
714
220
221
220
220
220
221
220
1474
778
714
541
342
342
758
787
1019
1391
53
714
53
880
587
950
714
1312
714
715
787
343
1475
253
715
714
714
887
1084
1237
1028
911
342
787
703
950
950
1476
1156
231
669
1299
342
1477
1478
1145
231
435
1152
1217
933
221
933
343
220
343
220
342
343
221
218
221
342
220
220
220
221
220
343
343
715
968
968
968
714
871
714
714
1479
323
578
968
1452
968
342
342
881
1018
1480
1481
220
323
426
824
323
1482
1164
323
824
1107
487
1483
1380
1166
1327
905
131
1484
1103
1485
1118
1307
1436
884
740
919
1486
1487
1262
1262
1179
1488
508
1278
1111
1125
899
1005
584
994
1489
1489
1263
1055
1325
1490
275
275
394
300
1491
1492
238
1493
1494
1495
1291
1494
1496
1036
1323
518
1115
1439
1383
707
1292
1497
256
1083
1498
1491
1499
1288
1500
1500
1268
626
1181
1501
1112
1502
1387
1503
872
958
363
1184
614
1134
1504
700
1505
1506
1057
1460
1431
1439
1070
1507
831
522
846
1271
557
1050
1508
1509
1510
645
1511
911
1058
1512
361
637
1513
676
694
1130
374
231
1511
681
639
1514
657
109
988
1515
231
1073
954
1147
1390
539
1285
1516
1517
1396
776
253
1518
657
623
636
685
1080
539
904
1041
1041
1240
1519
486
486
1065
842
1520
1521
1290
1522
1041
1413
842
1523
717
872
688
1219
1342
218
1524
1524
1525
713
465
688
688
525
221
218
53
343
758
1362
714
1234
220
220
220
220
787
787
587
950
778
1285
950
715
714
346
1526
1527
715
1442
1235
345
1528
782
541
587
1152
1529
887
714
220
933
221
221
221
342
342
218
218
221
323
221
220
218
220
218
342
343
218
343
1530
1166
220
1531
1099
968
968
218
220
220
221
342
968
1532
221
221
342
343
1533
1164
1018
719
1534
1535
1536
1043
1250
1424
1537
342
342
548
1106
467
1366
1426
218
342
1219
881
719
1304
719
374
654
685
323
523
657
323
1343
89
905
353
1538
1539
1164
808
1540
654
1540
1040
15
9
1541
1018
1171
905
909
1273
797
1221
1517
1304
7
701
1122
402
1498
725
1542
1307
810
165
1543
1192
732
1437
1174
341
1544
739
1326
1115
1327
1544
247
1496
727
1545
977
1546
1036
1440
1547
844
483
747
361
256
247
1297
1548
1200
370
1109
1549
1488
372
483
1550
1038
1551
534
1439
1328
1174
1552
1553
875
987
1301
1464
256
475
1010
1146
109
109
1223
367
478
1446
1508
1453
480
1083
275
1390
1084
1234
92
442
1125
1138
1508
1083
1232
1330
511
1544
1301
1192
1370
1264
541
1554
1221
637
572
1555
1504
1554
636
481
1142
1507
679
1317
10
1012
1556
819
1504
1321
1557
1558
1285
1285
720
685
1083
1559
1390
1558
872
1560
1561
942
942
1233
671
1234
483
486
650
914
372
1562
1068
486
212
231
937
165
1563
1289
486
751
1564
1565
942
1470
1034
1041
782
303
714
1566
218
587
782
342
221
221
221
218
221
218
221
221
221
427
1477
220
220
220
220
220
220
220
1567
1568
1569
1527
1079
1567
1570
907
1171
221
714
833
1028
1571
1568
1572
1573
1527
1567
1527
1568
1568
1569
1567
1567
1574
1527
1527
1567
1575
1576
1527
1527
557
1212
1158
1527
53
53
1568
1568
1567
1567
1570
1212
1527
1567
1577
1527
1567
485
1527
1574
1527
1570
1578
714
714
1078
796
1567
1527
1567
1574
1574
1527
1527
1527
1575
1212
1217
782
1567
1567
1417
1579
1527
1527
1527
1570
1527
1158
1212
1363
715
1580
1567
1581
1579
907
1143
1582
231
343
1203
1084
1524
1583
1584
943
1212
1244
1585
1586
782
1587
220
218
218
221
968
221
221
220
342
218
218
221
218
221
342
218
323
714
218
968
1588
221
1589
1166
1107
1590
881
427
965
881
1102
1591
1592
1593
1164
1592
342
719
427
1060
343
218
342
1164
1164
1591
1164
1043
719
1343
323
654
782
1594
1343
1592
165
1166
1018
1171
1343
902
1125
1313
1595
343
128
1596
1164
1343
165
1343
905
808
1597
962
1343
459
1598
323
1599
1599
1600
694
1424
705
1164
1407
1601
983
1498
1602
779
534
1324
782
1326
165
1168
654
1603
1604
822
1605
1275
748
1606
1329
1176
1200
1607
1171
924
1544
1508
808
1498
637
1145
1608
1302
1115
1464
919
1464
1609
109
1610
1471
1611
1607
820
1489
369
1612
1613
565
1447
1608
1146
1026
1614
1615
1210
247
247
1616
109
109
1617
979
1447
1618
1228
1619
541
1548
1318
788
1496
1391
982
1153
1620
9
1621
15
1452
609
1622
895
1464
1390
1623
9
2
7
15
1624
15
15
1452
1624
9
523
9
708
1616
1625
483
1626
523
1279
9
7
9
1535
9
5
92
9
128
9
128
9
1439
1383
1285
1464
92
108
9
7
7
92
92
92
92
92
92
67
108
785
695
1289
1383
809
1052
7
108
92
108
92
108
15
92
67
7
108
108
108
92
92
92
645
727
108
108
92
108
92
460
1192
1627
108
1544
441
707
1628
766
329
1629
1363
435
766
369
493
1630
1554
1554
1554
1514
1631
67
1632
1465
1465
1633
1560
427
1390
1634
1560
872
1635
1636
465
1068
539
1637
1142
1638
541
714
664
1639
486
664
1464
541
1458
1052
951
1582
1219
1640
1401
165
876
218
218
1641
385
688
1568
1567
1527
1347
342
220
220
220
220
221
1631
778
1642
1573
1567
1574
1573
1643
1527
1527
1527
1527
1644
1527
1527
1527
1527
221
1568
1568
1573
1567
1143
1527
1527
1527
1527
1570
1527
1526
1527
1527
1527
907
1570
1417
1212
796
1087
587
1083
1527
1567
1567
1645
1527
1527
1527
1527
1527
1580
1526
1646
1527
1527
1647
1570
1527
1527
1417
1527
1527
1527
1527
1527
1570
1570
787
1585
1031
1581
1527
1527
1527
787
693
714
1579
1527
907
1527
1527
907
715
787
1086
782
264
1648
1078
782
1649
1083
1528
954
917
1650
1152
1586
1150
221
342
218
218
218
221
218
218
218
1651
342
221
685
218
218
218
1407
220
933
342
218
1306
685
1652
685
962
881
323
221
342
1407
427
1653
1654
220
218
342
1118
1380
685
1343
1343
1343
548
165
323
1045
1655
1343
968
1343
1343
1102
1651
1343
1343
1164
193
218
1343
1343
1343
165
1343
1343
1164
1656
1043
9
1657
1658
1656
1304
67
1659
427
1343
805
1537
221
1343
1660
968
323
552
323
748
1661
1343
1171
1343
1343
567
748
1343
1343
343
343
782
968
1596
721
721
1343
1343
1343
1343
1343
1483
1343
1662
1343
374
235
1313
1597
654
1449
1663
567
1118
1283
1532
1664
848
523
1164
1343
717
654
1665
165
1260
1666
1667
1166
1668
548
885
1669
1375
685
1164
721
1541
1599
1171
1150
1114
1164
1324
1125
1508
653
1605
1447
1670
1437
637
1318
681
1182
1068
1544
562
1462
1671
1221
1396
1210
471
247
247
247
798
1415
247
871
1495
1672
1242
471
757
508
508
1291
1232
1616
1673
15
1667
1673
1383
584
1314
1674
972
1319
256
1153
1286
15
1675
609
427
523
15
1676
15
4
1676
15
6
9
1676
9
523
15
788
427
9
609
1452
427
1538
775
256
247
247
1232
475
788
1556
609
285
1104
15
788
15
15
1104
1677
1678
998
165
788
9
9
128
1407
9
9
1099
1104
1624
523
788
15
15
5
1679
4
1680
1681
1392
9
9
128
128
427
9
128
285
9
1682
1683
285
9
9
895
404
1549
1301
1684
128
92
6
837
719
5
1685
523
1509
727
67
92
92
67
108
1682
92
92
92
92
1132
1125
1686
1120
1687
1476
1688
1689
251
92
92
7
1545
1234
1690
824
859
1192
1689
854
1527
1691
727
1692
1345
1669
1693
1694
1695
1229
1696
547
1697
88
1638
1349
1091
567
1698
271
1639
460
1153
1699
1700
1701
1012
773
1390
1390
1702
1476
346
1631
179
442
539
1065
465
1703
1345
1285
1638
835
529
465
465
146
834
165
782
1476
1394
1704
481
1363
1156
221
220
1524
1705
1645
253
221
220
221
714
1527
1570
342
715
288
1570
1527
1570
1527
1527
1212
1570
1570
714
221
587
782
782
714
1527
1570
1212
1212
1212
1570
1570
722
907
1527
1570
1570
1570
1706
343
1570
1570
715
231
1697
1707
1708
907
907
907
907
1526
1709
907
1087
782
343
950
1335
1680
782
587
218
342
221
342
714
342
342
218
342
218
221
221
221
221
221
218
53
218
342
218
342
218
218
218
221
218
221
221
220
221
714
218
342
218
218
218
221
968
1651
1710
1099
1099
1099
1099
2
5
323
1711
361
968
218
218
1166
685
165
881
165
1118
1429
1423
427
1712
719
1343
1423
1713
1343
1343
968
1343
1102
323
1714
1171
1101
165
548
1164
719
1537
1118
782
1343
969
1594
1118
1024
654
1715
782
1164
1125
705
933
969
1304
1716
1301
1717
373
1665
1554
1718
1666
1719
1720
1721
1722
1723
862
1724
1167
1598
719
427
1725
1407
772
899
1726
910
1324
1727
165
1333
1125
905
918
1728
1125
681
1125
1464
732
1729
1730
1443
1616
368
1496
1396
1728
1489
1057
1145
1731
1732
1733
565
1447
247
1734
247
1294
1735
1294
1626
923
247
1294
1616
836
1045
1264
1436
1549
1344
972
1613
1552
247
1294
1621
165
15
427
427
567
657
1736
1080
109
1737
972
247
871
1234
427
567
427
609
15
15
788
895
1262
892
1460
1548
15
523
15
609
9
812
1627
1396
1202
471
1625
1738
564
523
1685
1549
393
1442
1739
372
1206
1116
1117
1117
369
523
9
609
609
1624
788
1624
279
408
334
1740
1681
1741
1481
915
1721
782
9
9
1683
523
788
537
1084
9
165
67
7
9
7
1742
7
15
1682
782
788
5
6
1530
251
128
1689
56
1327
1142
486
15
5
7
15
512
1466
1689
1401
1743
1560
1319
483
848
1183
385
1744
1745
1711
1197
1222
1206
1744
1744
1746
1011
1015
1402
1747
1206
1748
1749
525
951
875
1469
1042
1104
1750
525
1751
955
372
1477
459
1390
408
1752
540
1753
681
1754
859
859
1755
832
1754
1756
1401
834
1476
342
1757
1247
1518
1612
1402
1043
1758
1759
1760
221
1141
1587
1761
1212
1762
221
221
221
1763
1570
343
1570
1420
1526
1645
342
1212
1570
1575
1212
1212
1526
1526
1570
1526
1212
907
1570
1585
714
1527
907
1526
1650
907
907
907
1570
1580
705
343
782
1581
1705
1181
1038
345
1764
165
1765
221
220
220
221
221
221
221
218
881
968
552
1710
1766
1767
1768
361
588
221
343
1769
1770
1533
1018
1012
1380
881
973
1516
1426
803
343
343
1103
1771
1537
1092
705
343
720
1383
933
1772
782
1343
1261
872
1502
1343
1601
1773
1321
654
1774
1775
1718
1753
1776
323
782
358
1777
1672
1381
373
1778
1779
1780
1780
1723
1781
933
1782
1312
1018
797
885
722
1727
1168
527
933
1446
1733
767
483
1392
109
1177
483
1783
1516
367
798
562
1612
1552
1784
247
527
1600
1616
256
1737
256
244
1100
1380
1452
1380
1380
2
427
15
1611
788
1111
1215
1785
1641
1247
109
1177
1786
256
1787
1616
788
1788
165
427
427
165
788
1219
427
1624
1626
1455
1181
1626
782
567
567
15
1624
1789
1790
1125
471
1791
9
1219
1012
782
1683
1792
1793
1794
1795
563
1219
806
2
15
1219
523
1683
1429
1505
480
1796
547
1556
523
609
9
15
523
427
1399
882
1797
1220
1476
9
609
128
9
9
15
609
1530
523
368
1798
372
285
128
1192
1799
1800
1801
128
165
607
285
1192
1802
1632
3
92
416
1554
788
1084
1084
700
1566
50
1612
1612
525
1156
165
271
1202
1748
1757
525
1627
372
1476
1476
1624
1744
1752
766
541
1390
994
951
951
1752
1476
1645
1206
1803
1612
959
1476
1221
657
1804
1805
1752
1402
1624
1556
1003
1760
1585
1631
657
541
1789
1806
1807
342
758
859
1808
587
221
587
859
1470
1809
1212
787
1568
1568
1212
1212
1212
221
980
1810
1526
1579
1212
1526
980
627
722
587
1212
1212
1212
1212
1158
1526
1811
1526
1706
1212
1526
1212
1212
1212
714
715
1561
907
1212
1580
1171
1061
1707
1811
1708
1810
907
1419
782
715
782
782
1812
343
782
782
715
1786
1118
467
1813
346
323
1533
467
1590
1483
1280
1814
361
1433
323
715
343
343
965
1815
1816
748
1249
933
1601
720
1661
1774
1537
949
822
933
933
343
343
343
1171
1817
1402
1771
1537
814
1818
494
1281
1774
373
1718
343
933
1819
1820
15
782
973
1301
1716
1774
797
1263
1727
1821
1668
1678
1780
1778
1822
1145
1547
1546
1396
1489
1734
1823
343
1038
918
918
109
1824
797
1383
472
1464
1177
1616
1145
1825
1294
437
483
1616
1427
1826
1292
1146
109
1220
1827
1787
256
81
1499
1464
1828
1829
1220
1516
1830
165
165
1219
459
942
1380
1831
109
1677
657
942
788
782
427
165
1683
1832
565
1833
923
1834
1626
1158
1286
2
1624
1380
1380
1483
1232
1835
1314
1177
1836
1826
1158
427
427
1407
1407
567
427
192
1684
688
1516
427
15
427
9
2
1407
427
1238
135
1632
1390
563
523
788
15
26
15
1483
146
1550
789
1837
727
285
1680
1464
1296
1234
1624
1390
1838
1478
1257
1814
3
35
1839
15
1840
1554
1065
664
34
650
788
6
1088
1841
1448
1065
67
1842
1808
1376
1843
1844
1744
1314
1845
1518
1846
15
1219
1219
1744
1847
385
1757
1612
788
788
788
1219
782
1848
1849
1844
1757
1850
1476
951
1851
1852
1383
664
722
253
962
1161
685
1636
1471
1758
1401
657
1458
1853
692
1854
1669
1377
1556
1556
1377
657
1458
1630
1073
1789
1855
623
1806
1285
1022
587
942
1644
342
342
221
220
220
859
782
1478
1810
1212
1856
1857
218
1150
11
1212
1212
1526
1212
53
627
714
1526
1526
1526
1086
1212
907
1212
1212
1212
1580
1212
714
714
715
1147
1858
907
907
1212
1857
715
907
1859
1859
1030
1028
782
782
722
876
719
165
165
1407
567
53
467
467
1860
361
1861
1862
1863
1864
1146
1816
1164
720
1390
1624
1865
343
343
1866
969
1867
1716
788
1772
877
1868
782
782
1381
1346
1775
1869
343
343
715
567
1263
1263
548
1866
797
1390
1791
471
1870
1871
1872
1263
1496
1590
1544
1327
1873
1464
1868
1786
1826
1731
1038
1039
1092
1569
1492
1133
1874
1224
369
1677
1464
1836
1220
1293
637
109
1875
1600
369
1380
1452
788
1652
459
1683
1219
1219
1219
1104
1876
1873
1877
1833
1878
645
67
165
1380
788
1219
1219
1380
942
1483
1483
1452
1483
563
1234
1860
459
657
165
788
459
165
1123
1672
1627
1220
1623
1879
1421
609
567
567
427
942
487
567
427
427
1101
1229
1285
1633
788
1206
1345
1247
427
1559
1624
1508
1880
1878
1881
1527
9
9
523
5
523
1752
722
372
1247
837
523
1843
1882
128
285
9
664
1738
1682
35
777
754
664
1833
1853
1264
1206
1799
1345
1505
1883
1884
1636
1885
1833
782
782
1156
1562
1886
1878
1887
1065
1883
1883
1888
685
788
1743
539
1347
951
1476
1023
1752
1889
1890
1345
1891
1892
1476
1471
1444
657
609
1624
685
1804
657
1893
1073
1894
1895
1896
1896
1897
1285
1898
1899
1761
1900
859
1901
1898
1761
1895
1902
1644
1644
1903
1526
1903
218
220
1203
1904
1644
1903
1706
1905
1857
1857
220
218
220
342
1761
1906
1904
1419
342
343
1121
1810
1810
1212
1706
1212
1857
714
587
53
1857
1857
1212
1078
53
627
1709
1335
1212
907
1212
1212
714
1580
907
1907
714
782
1212
1580
587
587
1908
907
1580
1580
1580
1580
715
715
782
1909
1910
1087
782
1911
343
1908
1084
1912
797
253
782
782
1088
343
1913
782
467
964
1914
1407
53
1769
1915
1916
1590
1917
1601
720
1584
1677
1483
685
1397
1918
720
782
1789
805
1161
1919
1920
1867
1483
1386
1740
1921
1890
323
1407
1162
1726
343
1614
1733
1922
1597
1454
383
1923
1872
1924
343
343
1677
1038
1925
1926
1508
1375
343
343
343
343
1731
1457
1927
1670
1928
343
343
343
343
1836
1171
1870
1352
1929
1930
1924
1931
584
343
343
1837
1117
1146
1247
1739
109
483
1784
1045
1249
459
962
459
1456
1932
1314
1933
459
1367
165
165
1184
1219
1452
165
1043
459
1683
1219
165
459
1245
782
1496
1700
369
1739
1238
1934
165
782
942
782
1407
1245
1699
1442
1554
679
1935
587
1936
165
782
427
459
788
1762
1937
788
1483
1835
1683
1624
1483
1445
15
165
523
2
1450
1251
523
523
685
871
9
9
1556
6
685
685
685
782
165
1128
285
1411
1458
285
35
165
685
1483
1624
1012
609
1938
1471
67
67
67
9
523
1680
1560
1560
688
6
1882
1682
1407
872
1560
1744
773
1939
5
1940
1941
1942
1943
688
1944
1833
1557
1945
1845
842
1555
1639
1946
1947
487
1885
1011
650
1750
664
1626
1219
782
782
782
1744
1011
1890
1127
1628
1407
657
657
1127
685
1267
1948
253
1377
1161
1556
942
1568
1904
1898
1898
1906
1895
1895
1420
1903
483
1898
1898
1949
1950
1950
1951
1952
1952
1789
1898
1761
1904
1902
1904
1419
1419
1953
1954
1792
1955
1955
1900
1956
1419
1957
1898
1898
1896
1895
1419
1904
1895
1906
1903
1644
1955
1955
1438
1958
1955
1959
1570
1960
342
221
221
342
1906
1895
1895
1419
1895
1895
1419
1895
1901
1579
1896
1896
1761
1904
1475
218
342
342
1961
343
1904
53
342
1379
714
1962
1212
1706
1263
1031
1858
1212
1580
1580
1580
1212
1580
1212
1910
1580
1963
907
1858
907
1910
1910
1910
1910
1910
1580
714
715
715
343
1910
1964
1585
1859
782
715
1171
964
165
1164
323
1965
1343
968
732
1914
1917
1915
1723
1966
343
383
1447
343
1615
1541
1928
1617
1967
1968
165
685
644
1321
1969
1103
1665
685
685
1970
1971
1972
1715
1733
1171
1045
1727
1973
1175
1493
975
1294
1357
1826
746
1583
1872
1295
1974
1381
1306
483
1177
727
1626
1230
1934
1975
645
1238
1976
872
343
343
1977
323
782
782
323
323
323
942
1158
772
343
700
1978
942
323
962
782
685
343
1979
1980
942
1219
1043
782
165
1245
459
165
1245
1407
942
165
1043
165
1283
1627
1980
1483
1483
1219
1346
872
1247
1981
1407
427
427
688
285
1556
1982
1983
1450
1283
1984
9
1483
6
1128
871
1985
567
1407
1986
664
1987
1800
67
35
1458
9
1988
1750
1989
285
1990
1986
1991
326
1947
67
6
7
15
8
1988
1992
1993
1853
1347
1744
1994
9
1846
1995
1947
1219
23
1881
1996
1997
1998
1821
782
567
1984
1999
1562
1996
1390
1348
1421
323
303
1624
1264
348
1904
1949
1744
2000
685
685
1161
685
1898
1902
1902
1898
2001
1893
1020
1161
685
1161
1949
1949
1902
1526
1420
1792
2002
1898
1949
1949
1792
1902
2003
1898
1896
1420
1954
1319
1789
1901
1906
1949
1949
2004
1903
2005
1949
2005
1901
1955
2006
2007
1955
2008
2005
218
53
342
1285
1949
1949
1419
2009
2010
1955
2005
1955
2008
1902
1902
2011
2003
2003
2005
1789
1955
1419
1857
1580
221
1902
1902
1903
1955
1955
342
342
782
1902
1904
1903
2012
343
2003
1420
2013
1420
1420
1580
1580
714
343
1580
1909
1212
2014
1580
1910
1580
623
1420
907
1580
1910
1580
1580
1580
343
196
343
343
907
1580
1963
1963
1910
1963
343
1963
1580
1910
1580
714
1908
1244
1580
715
782
954
1859
1147
722
782
782
2015
1018
467
552
1260
1965
2016
1770
1965
881
968
968
323
968
881
968
1965
881
1260
1653
2017
489
2018
323
720
720
933
383
1584
1101
1715
1601
1161
1713
2019
2020
805
2021
782
323
1379
1338
1338
1179
1338
1668
970
1967
782
1570
1966
343
1415
323
782
1164
918
2022
1447
1079
685
942
1402
1294
1553
2023
1918
1641
1189
1727
2024
1239
772
342
483
247
1294
1496
1547
1931
1301
472
2025
1696
2026
483
1345
2027
2028
782
782
1043
782
323
942
782
323
782
323
323
2029
2029
1877
2030
1222
2031
323
962
1407
165
942
165
942
962
1245
685
1245
1548
1228
1554
1861
563
1219
1043
782
782
165
1245
782
1757
1407
459
1407
165
1219
1516
664
942
459
1480
1277
1879
2032
1407
567
1624
1483
1532
1701
427
609
1673
965
942
1606
1848
371
1879
609
567
782
567
685
165
2033
1501
523
427
1984
2034
525
1845
26
1458
427
2035
1562
2036
1891
1476
1687
1336
1377
943
2037
1206
539
1562
2038
539
1942
1968
1839
128
1339
1556
685
685
685
685
1407
685
165
285
128
1167
9
685
685
657
965
1570
907
2039
1750
2040
1347
2041
8
907
2042
2043
1706
907
1527
1212
1570
2044
1011
875
1704
1996
882
1910
2045
1580
1420
1420
1996
1996
1107
720
1002
1898
1898
2046
1789
2046
1956
1277
1347
1843
1752
605
1171
1527
1761
1904
2047
2048
2049
2046
2046
1420
1704
1325
1804
1904
1792
1792
1959
1580
1947
693
685
1264
685
1949
1949
1420
1420
2050
1792
2051
2052
2052
2053
1420
2011
1347
1941
1171
1171
685
346
1949
1949
1792
1949
2003
2010
1792
2054
2055
1420
2054
2055
1580
2051
2056
2046
1570
1827
1321
2047
2057
2058
2059
1580
1580
2056
2060
2055
1420
1285
1073
2061
1419
2002
2002
1420
1955
1789
1958
1962
1789
1243
2062
1789
714
714
1792
1419
1419
1419
2063
2011
1903
2050
1570
2013
1903
2064
1789
1955
1789
1468
218
218
2011
1419
2013
1420
1420
2053
2011
2055
1789
2065
1958
1789
1468
1468
1144
1902
2055
1419
2011
1789
2066
342
715
343
956
343
221
1859
1420
1420
2009
2061
2067
343
342
343
343
343
343
343
599
2050
1420
1420
1580
2068
933
343
343
933
342
221
1299
343
715
343
343
343
343
343
343
343
343
343
343
343
343
1963
343
343
343
343
343
343
343
343
343
343
343
343
343
343
343
1963
343
343
343
343
343
343
343
343
239
343
343
907
1963
343
343
343
343
1580
343
343
343
782
343
343
343
343
722
1914
1106
881
1106
968
968
2069
2070
2071
2072
2019
1721
2073
1447
1590
1769
1796
1164
1101
2074
2075
1721
2076
1723
1371
1723
1248
1863
1343
2072
1927
1927
2019
1723
1776
1723
2077
476
323
1164
1854
2078
1338
1338
1338
1338
1338
1338
1338
1607
1552
1955
1338
1338
1338
2023
722
1867
1176
1038
1812
1082
1482
1970
2079
1357
915
1296
1100
1728
1931
343
218
2080
2081
1718
1802
323
1471
1877
2028
1345
1407
782
323
942
1245
2082
1043
1043
1043
1043
1043
782
782
782
1480
782
1407
782
2083
1547
2084
165
782
962
782
1043
1714
2083
2085
459
1043
685
782
782
343
2086
1556
1556
459
942
962
962
685
685
1532
1483
1547
1914
165
1101
782
1011
165
962
1799
567
685
1283
1128
427
343
427
942
2087
2087
1483
2088
2072
609
2089
2089
1883
1752
1477
523
1556
5
1377
1527
2090
1142
1691
15
1458
2061
907
2045
872
2064
1347
1947
1310
285
5
609
165
2091
2091
2091
2091
2091
2091
2091
2091
2092
2002
1526
2093
2046
2046
1857
2094
2095
2096
872
872
872
1636
2097
1996
2055
2098
1407
2091
2099
2099
2091
1996
2045
2043
872
1886
1942
1476
2091
1996
1996
1996
782
1260
685
1407
2099
2091
720
2100
1996
1996
2051
2101
2046
1789
872
1142
1996
2098
529
1025
782
346
720
1018
2100
2100
1949
2048
1789
1557
1750
2102
165
1002
1770
1661
1107
964
1661
720
1161
685
2003
2092
872
2103
1639
2104
2098
1813
1949
2105
2051
2002
1636
1744
1847
1702
2106
1366
685
1792
2002
1580
2107
1901
748
715
714
529
2002
2002
2053
1789
2056
1789
872
2108
1650
715
715
715
715
2002
2058
2061
1419
2049
2007
1789
1285
714
715
715
715
715
714
1765
715
714
1792
342
1647
715
1418
2002
1419
2002
1419
2002
2061
2011
2002
2049
1319
2109
1650
1577
2110
1420
2002
1419
1420
933
1859
1241
715
2049
2049
1419
2111
2049
933
933
933
715
715
343
1648
1859
715
2055
2049
1789
1789
1789
2060
343
343
343
1420
343
343
343
715
343
1648
1859
1859
1859
1580
1580
343
343
343
343
343
343
1474
1859
714
715
343
116
933
343
343
343
343
933
933
714
343
343
933
1474
343
343
343
343
933
866
343
343
343
933
343
933
957
2112
2113
1159
719
323
2114
1252
1018
323
1965
2115
1664
1599
2116
2116
1687
1965
2019
2117
2118
2119
1371
2019
1735
632
2120
1590
1018
2072
2121
2119
1927
2120
1026
1854
1854
1653
2122
1238
1234
1101
1101
965
2019
2075
2070
2123
2124
726
2125
1260
1927
2126
482
1723
2127
2128
2129
1145
1791
1525
1338
1338
466
1733
2130
1318
2131
1338
1338
2132
2073
1389
1014
933
1837
1293
1576
2133
1552
1583
2134
1402
2135
1866
1293
548
1441
1969
1515
1677
2136
1094
323
877
2114
1931
2137
1931
1026
1294
1677
2138
1338
2139
1562
1627
1285
1491
681
323
1407
1840
1497
1914
1043
1043
1043
2140
1515
1043
782
685
2141
563
782
782
2142
1480
1250
1250
1480
685
685
1245
459
459
1480
685
427
1107
782
459
6
1471
2143
1458
1407
685
1480
1283
165
2144
942
2145
1793
2146
165
848
942
1477
2120
546
2111
2147
2045
2148
1407
67
1458
1407
523
2092
1752
2149
1883
2149
385
1987
2148
1789
1567
1987
782
782
1166
2091
965
1377
1580
2150
1570
872
1243
1996
2099
882
1821
1996
1012
1996
1789
1811
2111
2062
872
872
1885
1068
1862
685
15
1996
2099
1996
1996
1996
1996
2098
2098
1996
2091
1433
2053
2151
2108
1420
2152
2092
2096
872
1560
1347
1490
664
664
1944
1476
2091
2098
2098
1012
35
2153
2152
2045
2151
2045
2152
2051
872
872
1215
1328
1277
2100
165
1032
1776
1012
2100
2100
2100
2011
2011
1560
2051
2092
1580
2092
2092
2064
872
2111
1465
2033
1347
2069
2154
1993
2100
1601
1996
1161
1996
1996
2092
1420
2011
2046
2046
2056
872
872
1843
2155
2156
1171
1433
165
1689
165
1689
165
2015
1792
1792
2157
2046
2046
1580
1580
2051
872
1560
1947
688
2061
1915
2054
714
714
2002
2158
1580
2056
2051
2062
1560
872
1560
872
1156
1465
2061
1789
1427
715
714
714
714
714
714
714
2002
2051
1957
872
2062
1756
748
1221
715
715
2159
2002
2065
1560
2150
2088
1560
1560
1420
2160
1560
1887
917
1221
2161
2002
1789
872
1789
872
2108
2061
2150
2092
2162
2159
1789
2056
715
1081
2046
2108
2150
2062
933
343
714
1859
714
1084
343
714
342
221
343
2049
343
343
933
1859
714
933
933
933
933
933
933
933
1680
343
343
933
343
715
343
343
1585
343
343
1585
1585
703
1585
1585
2115
881
1599
1664
1106
1664
2115
881
2115
1260
968
1160
323
323
968
2072
2163
1770
968
2164
968
2165
1532
1927
1677
2166
968
1378
1164
1371
1487
1735
2070
2070
2118
1525
383
2130
2167
238
720
1164
720
1721
567
1146
1146
1516
1914
1927
2168
1927
2073
1967
1914
2130
2169
2114
1306
2032
1762
2170
1338
2171
2172
2173
2127
1786
1576
2174
1038
1791
1735
2175
2067
2176
2177
2178
1550
1437
1014
1875
1616
2179
1409
2180
1145
1402
2135
2181
1454
1171
1402
1402
2182
721
2183
1486
1093
2184
685
2135
1665
1670
2135
343
933
2144
881
523
881
848
685
1402
2096
1407
685
1407
529
685
685
685
1002
685
1695
2185
719
685
685
685
1301
2141
1757
782
1407
942
323
1799
895
2186
2085
525
782
782
4
323
2141
1799
962
962
1433
1250
1245
1659
2187
1486
1516
685
685
782
1532
1990
1480
1555
1142
1547
1919
1392
1043
1480
2019
567
2188
427
942
9
5
2092
1392
1762
1156
2045
2092
2092
2189
1986
2190
2191
525
1533
720
2051
2054
907
2051
2092
2092
1142
2192
427
427
1476
2051
1560
2051
2051
1560
1560
2092
1347
1277
2153
1598
2100
2045
2111
872
1560
2193
2040
1885
2194
609
2098
2046
1789
2194
872
2194
2045
1744
1752
2091
120
427
1813
2091
2091
1377
2100
2100
2147
1560
872
1413
1345
1476
2100
2100
6
1996
1998
2051
1580
2194
2101
2073
2195
872
1560
2196
1407
1689
1689
1689
2106
1689
1689
1689
1689
1689
1789
2002
1065
2197
1947
1144
2198
1689
1689
1689
1689
1689
1689
2063
1560
1065
1946
342
1937
2002
2199
872
872
2106
714
714
2200
2061
2002
2201
872
872
1361
872
872
872
2096
872
1560
1560
1887
1887
1560
1560
345
872
2096
2096
1560
1560
1887
2096
1560
2202
2108
2045
2056
2092
2092
2111
2092
2051
2051
343
714
683
343
1081
1299
715
342
343
1789
342
933
343
714
343
933
343
933
343
2203
343
933
1664
2115
427
1720
1106
968
1043
1043
1795
1599
2204
968
1725
967
2072
1721
2117
2205
2205
2016
968
2206
1927
2132
1608
2205
2207
1303
1303
2131
2164
2208
2209
1378
1378
1164
719
2072
1626
2210
2208
2120
2211
2212
2130
1769
2213
2214
2215
1164
2019
2216
2217
2218
482
383
2208
2219
806
2220
1228
1786
1791
1723
1608
2221
2222
2172
2223
895
2224
2225
1338
2226
1297
1176
1338
2177
1936
1861
2227
1905
2181
1410
717
2228
2228
2228
2229
1410
2230
2231
2232
1914
1306
1337
2233
1931
2185
1454
2234
523
2235
2236
1983
1002
1002
685
881
685
1229
1153
2096
165
165
165
719
2237
1798
685
1799
871
2143
1164
1799
1799
1799
1799
1799
1799
2238
1043
2239
1799
1799
1799
1799
1791
2240
1043
967
1799
1799
1799
2241
2043
323
1219
965
1043
1043
1245
1799
1799
2032
165
165
1250
967
2242
459
1480
967
165
1245
2188
1471
1043
1171
1532
1283
2243
1719
9
67
967
782
1744
1939
1515
1065
1156
1167
1533
1533
1821
1025
942
1789
2111
772
493
1938
2244
872
872
2092
1475
2245
1632
1476
165
2246
1171
2247
1466
1466
2248
2100
2100
1974
1974
2033
1125
1476
1159
2100
2153
1805
2249
2249
1560
2110
872
1974
1457
2250
2000
2251
1142
1347
2091
1598
2091
2252
2252
2252
2252
2252
2252
2252
2252
2252
609
35
1161
685
1012
685
1776
2153
872
2253
872
2253
2254
1716
2255
1520
2256
2252
2252
2252
2252
2252
2252
2257
2252
2252
2257
2257
2257
2257
2257
2257
2257
2257
2252
2252
872
872
1578
1922
1520
1689
2252
2252
2258
2106
2258
2258
2258
2258
2258
2258
2258
2106
2106
2257
2257
2258
2106
2106
2106
2258
2257
2258
2257
685
1857
1779
2259
872
2135
342
1915
1727
2260
2258
2258
2258
2258
2258
2258
2258
2258
2258
1865
256
2261
2262
907
1749
1560
1560
714
2096
1560
2263
1560
2096
2096
1560
1560
766
1560
1560
1974
1560
1560
1560
1560
1031
1560
1081
1319
343
343
1585
343
343
933
587
968
933
6
5
685
685
1854
2019
2164
1583
2264
2072
2120
2072
685
1682
2120
1677
2265
2185
1161
2120
2256
1762
1164
1378
2255
2266
2267
1917
1378
2155
2066
2268
1880
1723
1786
2269
2270
2266
1516
871
2271
1164
1762
2272
2273
2274
2218
2275
2276
2277
2278
2070
2222
2279
2280
2281
1616
2164
2282
2172
1829
1829
2283
1319
2073
2272
2172
1179
1103
757
1382
2284
1190
1457
1916
1923
1923
688
1570
2285
1228
1677
2286
2222
2287
1936
1786
1014
1026
1936
1464
1228
1733
1830
1402
1874
1332
1281
1222
2288
1390
1358
1353
685
881
1002
2289
1222
1222
1356
871
871
1230
1357
2290
529
2291
2025
2292
2290
1799
2240
782
1390
2293
2088
2142
1142
1791
782
942
2294
2192
2192
717
717
717
717
717
717
717
1003
1598
685
685
1043
1654
1068
1555
717
717
717
717
717
1919
717
717
717
717
717
717
717
717
2245
717
717
717
717
2245
1687
942
1407
323
685
1043
967
2109
717
717
717
1043
1588
1654
685
1283
2295
2087
872
1598
2155
2120
1747
2239
872
942
1533
2081
2189
2293
2149
1347
2192
2044
1687
1562
1156
2296
2296
2296
2296
1804
2297
2154
525
1888
2248
5
1458
2296
2296
2153
2296
1475
907
2192
1277
1904
2256
2258
2258
2258
942
1476
1476
1167
685
685
2252
2257
1465
1628
2298
2299
1347
722
748
2257
2257
2257
2257
685
1721
872
1311
1468
2258
2258
2258
2258
2258
2258
2091
2099
973
2300
1560
872
2258
2258
1465
523
1995
1560
782
2096
1214
2296
2096
2096
2096
2096
1560
2296
714
1974
952
2254
714
714
343
343
343
196
748
1644
1586
2182
1287
523
1106
523
67
1043
427
1043
1043
1043
128
3
2301
459
1813
2302
2303
2256
1664
2304
2070
1003
1813
2071
1594
2305
2217
2306
2307
1697
1774
1864
1231
2308
1723
1525
1229
1964
483
1536
685
1355
2309
2271
2071
2310
714
2266
1783
2167
2277
2311
882
1927
2059
1231
1786
2277
2128
2071
2070
2312
1723
1306
2114
1100
2313
1880
1880
1880
1880
1880
1228
2272
1914
2314
2315
1880
1880
588
895
2316
2265
895
1616
2211
2317
2316
1832
2318
1786
2319
814
1604
1026
1046
2228
2320
1026
1026
1026
2321
2322
1026
1626
1222
2247
1402
1931
685
2323
2324
1092
717
685
1407
529
548
1873
2193
1407
1257
1359
1873
2043
2325
2072
1740
717
717
1591
1560
2326
717
717
717
717
717
717
872
717
717
717
717
717
717
717
717
717
717
717
2300
1521
1043
1654
717
717
717
717
717
717
717
717
717
717
717
1919
717
717
717
2327
2220
372
1043
1775
717
717
1562
2072
459
165
685
459
1465
1919
942
1164
967
967
685
2192
2278
2031
1658
720
459
1567
2328
2329
1687
1687
1206
782
128
1206
2192
1562
1277
427
1283
1289
1381
1687
1845
1156
427
2296
2296
2296
2296
2296
2296
2296
2296
2296
2296
2296
2296
2296
405
1161
685
942
2116
2245
1442
1549
947
2296
2296
2296
2153
2153
2153
782
1283
1745
2330
1598
2248
2248
2248
2153
2000
2331
2248
1530
1476
1171
1468
657
1566
1566
2091
1407
2102
2120
2332
1601
664
1526
2156
1171
1221
1171
2333
1631
2334
748
748
1756
2335
552
343
342
714
342
53
196
53
722
2336
1721
2337
5
2338
2116
1660
2019
2117
1726
2323
1735
1156
1854
2208
2339
2218
5
1791
2070
2312
1762
2307
2340
2146
405
2277
2277
1907
1184
2341
1145
2019
2070
2076
2342
2253
2205
1428
2343
1923
1735
2120
2120
1854
2120
2019
2344
2345
806
1686
1583
2215
1365
2346
1145
1937
2305
1749
2120
2019
1525
1525
2347
2311
2277
2085
2348
806
1659
2206
1804
1927
1914
2085
2349
1527
1516
2212
1664
92
2312
2268
2228
1880
1880
2239
1880
1607
1603
1721
1318
1880
1863
2223
895
1293
1791
2350
2351
2282
2352
2223
1730
2353
1799
1880
2354
2019
2352
1259
2259
1927
1604
1146
895
2259
1914
1238
1927
1424
1026
1026
1026
1026
1026
1026
1403
1819
1294
1696
1018
1610
2355
1927
1026
1026
1026
1026
1677
95
1026
1026
1165
67
3
2356
1026
1026
1026
247
1407
1164
1165
1018
2193
1026
1257
1931
2357
1407
1757
2176
2342
717
1026
1026
2327
1687
2358
1043
2325
1919
717
717
2358
968
782
1144
2359
2069
717
717
1803
165
717
2331
872
2244
685
685
2360
2245
872
1476
1628
165
1593
967
967
165
165
1886
2201
1579
275
1142
2352
1206
1791
1527
2361
967
1573
1527
2028
1347
2168
2362
2256
759
2296
942
2363
2084
525
2330
1560
1560
1361
942
685
2296
1206
1919
2364
1671
720
1378
2107
754
2041
1345
2331
2039
1023
2251
2256
942
1347
1476
1347
1927
933
1347
1560
2365
1247
1805
1938
2366
2357
1947
1519
1602
1721
1947
2367
2296
2258
1721
2031
1791
1916
2220
1907
2190
1347
2368
2369
2026
2190
2370
1347
2190
1721
2370
2190
342
342
2371
1854
1927
2272
2343
1682
1161
1161
1721
2308
2372
1583
1830
2373
1516
251
2193
1786
1735
2374
2277
820
1133
247
2375
2277
2255
2255
1677
2362
685
685
2376
2377
2312
2042
1875
1854
2120
2118
1791
1732
2071
2378
1677
1854
1927
2379
2072
2380
2266
2381
2071
1026
2273
2059
1786
2036
895
2309
2233
2085
1825
1616
1854
1786
2351
2255
1730
1319
2008
1854
2064
2350
2382
1229
1671
2383
2218
2043
2124
2384
1880
1935
361
2385
2386
2387
2316
877
2274
2293
1696
2388
1985
2389
2390
2391
1018
2321
2392
1837
1740
1026
1626
2356
1786
2271
2086
1527
1164
1482
1164
1164
2393
2043
1479
1593
1245
1166
372
2085
2171
1026
1555
2155
2342
1919
2394
2087
1471
165
2325
2331
2043
1539
2027
1927
2315
681
685
1539
1927
1562
1757
1843
654
1144
1555
1915
1142
2395
2396
1687
942
1719
2397
2398
2118
1852
1687
1043
967
1402
2019
2399
2192
1560
323
1599
1664
1744
2400
2269
1886
2370
1347
2395
523
1660
1277
1762
2401
2203
1813
1993
1476
627
1947
2399
1791
1514
1862
2402
2403
1948
2404
1402
1639
1849
1890
1938
748
2250
53
2405
1394
2406
1938
2407
1650
2247
540
53
2039
342
342
722
343
1762
2096
1735
2019
2120
2408
2409
1854
2410
2401
2072
2411
2412
2413
2391
2414
2165
1353
2415
2072
2070
1927
2410
1786
2416
2210
2417
2418
2418
1626
16
2185
1864
2215
2208
2312
1697
1948
2419
2406
2122
2145
1937
2420
2069
685
2421
1434
2422
1674
1786
1871
2423
2421
2424
2425
2426
2070
1762
2427
1542
2428
2429
1786
1786
1786
1786
1226
2261
2430
1360
2431
1786
2169
2432
2255
1735
1735
2374
2433
1603
1837
1914
2434
2435
1374
2390
2427
2193
1146
1900
1914
2288
2316
2322
1977
2436
405
1229
2437
1626
2438
895
968
685
2291
1106
1106
1099
968
1018
1018
2019
1106
968
1655
1101
968
1106
968
1099
1018
2138
1259
1914
2439
1816
1605
1937
2440
2441
2442
2242
465
1026
1450
249
881
1026
2443
1018
719
1026
2342
2120
1889
717
717
2386
2102
2444
1664
1539
2445
2043
2170
2446
323
92
1901
2141
1791
1657
1658
1896
2019
1854
1803
2269
1687
1539
1762
2447
525
2448
2163
2163
1887
1560
2394
1599
1757
1664
1599
1999
2449
1075
1844
2450
1888
539
1156
1538
2451
1507
1599
2019
2406
2452
2453
1277
2078
2359
2091
1994
1023
1347
1760
1407
2447
1639
1566
1217
2454
53
1031
766
1271
2154
1866
540
342
2039
725
1674
966
1137
1324
1819
2295
1217
2118
218
2455
221
2209
2209
342
342
2076
2076
459
2186
1786
2410
2072
1854
2070
2456
1927
2410
1927
2070
1712
2019
2169
1767
2165
2255
2457
2380
2298
2413
2413
2420
2165
2458
2459
2460
2461
2462
2463
2464
2133
1531
1721
1927
2120
1762
1258
2429
2375
2465
2185
2418
2122
2418
2418
1468
2355
1916
2273
2466
2429
1542
2467
2468
1571
1638
1762
2469
2271
2470
2338
2471
1786
1657
2472
1181
1812
1786
1786
1786
1786
1786
1786
1786
1786
1786
1786
1786
1786
1786
2255
2072
2059
2306
2473
1967
1762
1762
2320
1735
1870
1730
2473
908
2474
1863
1985
2315
2216
1580
959
2475
1014
844
877
1146
1618
2019
1786
2476
2477
2193
2478
1222
2479
2469
247
968
2437
2480
2481
1106
968
968
968
1106
968
968
1249
1249
1249
1099
1164
1854
2259
1259
1762
637
2403
1249
2187
1854
1976
2120
92
523
1259
2482
1742
1652
2120
1940
343
1842
1920
2483
2331
1735
2190
1735
1477
685
719
92
2484
1521
1043
881
717
2078
1303
2351
717
2201
1539
2002
2454
2446
2146
1599
1664
2485
2039
2039
2043
1599
2444
1939
2486
2364
1156
2363
1602
1745
2487
1664
1762
1602
2445
2072
2332
2043
2038
128
1664
323
1698
2488
1476
2443
2489
2256
725
1721
1115
464
1047
1260
1986
2019
2019
2081
1465
973
2490
2330
1757
1465
1636
2491
1757
1721
966
1992
1347
323
2492
1285
1150
2338
1208
2493
1687
2170
1670
2403
1150
2399
2494
2019
1852
1968
1475
882
2495
1927
2496
1721
1221
1916
1699
342
2118
2118
1639
766
1263
2213
220
2039
2497
721
2118
1986
1486
1757
221
2498
2039
218
2102
2499
1517
587
2185
2500
2096
1791
2501
1927
2410
2072
2359
2502
2072
1612
2503
2306
2504
2433
2505
2505
2506
2505
2413
2415
1762
2380
2507
2508
2503
2415
2505
2509
2509
2505
2413
2185
2415
2343
2510
2185
2079
2275
2511
1927
1718
2381
2512
2513
2259
2508
2415
2514
2508
2508
2120
1026
2462
2515
1583
1229
1583
1229
2479
405
2184
2208
1232
2516
2310
1677
2517
2120
2518
1786
1786
1786
1735
2208
1791
1735
1781
1786
2519
2369
2520
2521
2057
2216
1319
2522
2070
2473
1735
2043
2427
1263
1860
1228
1854
1238
806
1790
2523
2457
2524
2525
1762
1897
1515
1867
1854
2526
1887
2527
2285
2285
2120
1600
2276
1774
2528
2527
1014
2529
2285
2528
1718
1146
2530
2385
2389
2072
1927
1927
2193
1626
2235
881
2436
251
2206
1164
1164
1816
1874
2242
2531
2120
1603
1202
968
1927
2068
1791
1106
968
1742
1927
2443
2242
2532
1927
2512
1568
2533
1386
1014
1791
2190
1555
2019
2338
1238
2452
2443
1735
2534
2535
2536
1687
1303
1539
1026
2537
1746
2085
1161
1955
1599
1599
1402
1664
1629
1177
2120
1642
1762
1688
2538
1664
2488
2120
2338
1560
2481
2539
1875
2245
2028
2080
1065
67
1127
1636
2490
2103
2332
2363
2540
1757
2363
1927
1347
1465
1938
1369
2541
1927
1308
2033
1819
1469
1916
1214
2097
1566
725
1681
552
552
2367
2143
2542
2449
1640
2118
1749
1639
1721
1721
2543
1347
2449
1939
1486
1171
1749
1833
1917
2543
1600
1850
2247
2041
45
1150
1721
2544
1319
2336
2545
2223
1927
1886
2413
2415
2546
2019
2072
2503
2185
1428
2247
2509
2505
2247
2440
2174
1236
1351
2503
2547
2510
2548
2546
2122
2072
2549
2550
2284
1918
2551
2485
1583
2552
2247
1650
1677
2019
2070
2473
2070
1618
2414
2553
2554
2555
2556
1786
1677
1918
1229
2070
2059
2271
1786
1786
1786
1786
1786
2179
2557
1236
1649
2558
1786
1786
1786
1786
1638
1762
2559
1570
895
372
1229
2379
2234
2234
2234
2072
895
1721
2280
2111
1642
1294
480
1907
1774
2560
1887
2096
1153
2525
871
1914
2433
895
895
2472
2513
871
1356
1790
1786
1550
1887
2561
1398
2392
1791
1634
1789
1887
2062
1880
2562
2325
2378
2019
2562
2163
2193
2388
1812
1914
871
1929
2563
2120
2120
2120
2120
1156
1159
1664
2564
1664
1776
1259
2437
1854
2120
2120
2120
2120
2120
2120
1655
1249
2072
1545
1402
1735
2120
2120
2120
2120
2336
1018
1560
2512
1542
1791
2443
2120
2120
2120
2120
2120
2120
2120
2120
1854
1479
92
2178
2250
2120
2120
72
1106
1735
2362
1620
2085
717
1570
1799
67
2055
2338
2294
1986
2338
1721
1786
1791
1791
1791
1939
2449
1791
1791
1791
1791
725
1853
1918
1791
1791
1791
2329
1791
1986
1939
2370
1345
1691
1721
1999
1529
2565
2566
1937
2567
2433
1260
720
1791
1791
2488
1441
2260
1633
2539
2192
2568
719
1160
1791
1853
2192
2568
323
1160
2103
1919
1584
1212
2569
1650
2570
1023
2571
2035
2430
2572
1650
2573
2198
1916
2572
2541
1916
1938
2154
1571
2572
2504
2541
1319
2572
1801
2406
2400
2338
2154
1631
1171
721
2163
1636
656
2352
1995
2367
1744
1469
1716
1629
2543
1907
1716
1665
2334
2334
2107
595
1347
2455
481
2162
1263
1018
1995
2327
2091
2112
714
2019
2208
2546
1927
2574
717
1923
2104
2215
2277
2418
2377
2575
2074
2305
2120
2199
2266
1531
2019
1854
1786
1774
1177
1854
1927
1762
1786
1786
1786
1583
2282
1786
1786
2576
1854
1566
1723
2120
2120
2416
2577
2120
2120
2120
2120
2019
2019
2578
2579
2425
2580
2581
1580
2120
895
1900
2560
1560
1789
1580
2582
1780
2120
1786
2185
895
895
1222
2333
1779
2583
2101
1153
1925
2438
1762
2019
1238
2424
1854
2526
872
2120
2304
1171
2309
1762
2120
2584
2120
1700
1303
1303
1594
1159
1927
1259
2064
2120
2120
2120
1791
1914
256
1156
2085
2120
1927
1927
2585
2250
2586
1762
2082
2019
2395
2082
1937
2587
1102
1422
2093
1402
2254
2120
2019
1238
67
1106
1659
1854
2353
1570
2338
2120
2120
1723
1018
2588
2120
2120
2295
1101
523
2586
2064
2010
1791
1791
1791
2019
2364
2393
1791
1791
1791
1791
343
67
67
67
67
67
67
67
1791
2447
67
67
67
67
67
67
67
2589
1791
1791
719
1303
1539
1791
1791
1791
2118
1791
1791
1791
2370
1791
1791
2221
1627
1791
1791
2364
1308
1847
2590
2591
1724
2338
1659
2297
1993
2592
1727
2038
881
1784
2593
2191
1109
2594
1106
2536
2102
2043
1995
2595
1068
2542
1892
1625
1318
2596
2118
1636
1566
2572
1319
1319
2557
2597
1916
2598
1171
2299
2599
1171
2504
1913
2039
2600
1721
2336
2254
2262
1171
2225
2601
1171
1137
954
1476
1978
2602
1722
405
1722
1886
2096
2185
1721
1886
2120
2215
2215
2019
1026
2546
2215
2603
1721
1786
152
2504
2349
2551
2229
2302
2070
1786
1976
1441
2306
2604
2605
1927
2019
2105
2606
2234
2467
2070
2109
2114
2511
2558
2019
1937
2240
2070
2019
2019
2019
2607
1145
2072
2558
2397
1956
1927
2109
2019
1238
2208
1145
1222
2608
2608
2120
2019
2024
2609
1238
2208
1238
895
1927
1153
2560
872
1854
1887
2085
2019
2019
2019
2515
2019
2515
2069
2208
1437
2019
2555
2610
2611
2612
2019
1778
1780
2019
1572
1874
2392
1786
1677
2562
2019
2092
2613
1153
871
2019
2069
1927
2614
2612
1972
1537
2019
2019
1735
2021
2021
1723
2615
2254
2019
2019
2019
2019
2186
2019
2019
1101
1762
2082
2019
2019
1735
2019
2019
2019
2019
2019
2186
2019
2255
1395
881
1806
637
2019
2019
2019
1101
1101
2616
1791
1164
967
2617
1644
2010
1791
1791
1164
2146
1106
2120
2618
2256
2619
1164
1660
2256
2620
2338
2039
2621
1377
2338
1721
2081
2292
2072
84
72
534
22
736
1393
1594
2370
2019
2447
2622
2191
2537
462
1721
486
1846
2464
2623
2330
2192
2330
2624
1171
1650
1756
2338
2625
2568
2069
1171
2454
1650
1665
1150
2247
1466
2585
2403
2492
2506
1566
2626
1214
1854
1670
2284
2627
1757
2585
1854
2628
2629
2028
2627
2499
2602
2630
2120
2018
1721
1927
2631
2456
2185
2413
2410
2070
2632
2185
2633
2072
2504
13
2418
2551
1542
2634
1677
2418
2215
2635
1338
2462
2381
2216
2185
806
1927
1721
1735
1854
2019
1238
2469
2636
1721
1721
2280
2019
2019
2019
1677
2637
1566
2019
1153
1550
1560
2064
2064
483
23
1880
1238
1238
2521
2458
1153
1550
1618
1126
1386
1389
1721
1938
2019
2261
2261
1856
2614
1027
2638
1106
969
2482
2186
2336
968
2019
2072
1101
2639
2520
2640
2639
1018
2338
1018
1106
1106
2620
2641
1888
1018
969
1378
2078
2082
2535
9
721
720
1791
2543
1854
2642
2594
1027
1519
2072
2643
1555
1853
2497
2118
2084
1854
1347
2072
2244
1260
2297
2644
2191
1756
2645
2455
2646
2647
2648
2647
1319
748
1853
2299
2514
2649
2247
1978
2645
2512
2480
2626
1854
2455
1927
2450
1562
2135
1144
2400
2543
1849
2454
722
1408
2600
1668
1913
1566
1566
2650
2284
2212
1347
2262
231
1468
2651
2083
2571
1285
1709
2596
1214
1917
1566
387
1571
2652
2652
2602
1854
2525
1721
1854
1927
2070
2072
2244
2244
2631
2244
2653
2244
2244
2510
2185
2185
1735
1927
2074
2074
2654
1542
2512
2076
1545
2185
2372
2655
1854
2582
1590
1677
2433
2511
2582
2253
2467
2656
2120
2208
2657
2133
1531
1677
1786
2208
2072
2434
1238
1238
2185
256
2658
1721
2069
1613
2313
1927
1580
2524
1802
2461
2659
2483
1854
1238
1762
2377
1257
1238
1238
1238
1238
1227
2660
1762
2661
1238
1238
1238
1937
557
2072
1762
1238
872
1854
2466
2186
2261
1735
1735
2417
1280
1854
1854
1854
1735
2261
2072
2155
1927
2536
968
968
2662
2524
2536
1450
1156
1106
968
1927
2617
1389
2663
968
1644
2664
2359
1550
1777
2665
977
2236
2645
1408
1805
1927
1378
2367
2299
1721
2666
2072
1995
1540
2115
1777
1106
1118
968
2667
2455
2668
1577
1721
1703
2298
1807
1171
2000
2401
2423
2191
1805
2191
2297
1983
2669
1947
1721
1948
1819
2067
2570
2512
2512
1819
2670
2254
1584
2333
2671
1773
2250
2363
2238
1566
2238
1584
1434
2404
1285
2262
2286
2627
2140
2627
2672
2672
888
888
2652
888
888
2602
888
888
888
2602
1721
2546
2633
2019
2456
2361
1142
2457
2632
2547
2673
1854
2306
2185
2631
2674
2606
2043
1854
1854
1927
2344
2675
2286
1542
2528
2676
1789
2677
2019
2467
2678
2285
2311
2386
2679
2680
2348
2681
1786
1927
1721
1721
2120
2120
2682
2216
2669
2515
1626
1927
1854
1721
1854
1721
2292
2683
2212
2522
2684
1854
1723
1238
1927
1854
1854
1854
1721
1566
1721
1789
1854
1238
1238
1238
1238
1238
1238
1238
2685
2686
1854
1735
2687
748
1238
2688
1153
1238
1238
1677
2370
2379
872
1778
1876
1799
1818
1818
1735
1735
2689
2614
1818
1927
1914
2072
1735
1854
2690
2126
1735
1927
1721
2226
2617
1818
1609
1735
1785
2080
2338
2532
1854
2459
1164
2691
2692
1249
1164
1854
2693
719
1164
1707
1750
1242
1018
2642
881
1627
2622
2360
2104
2595
2504
2118
1854
1807
2694
1153
2495
1853
1727
2695
2519
1468
1319
2295
1805
2696
2697
1649
227
2301
1027
2284
1514
1794
2463
2262
1566
1566
2135
2135
888
2698
2626
1469
1631
1571
2286
2699
1566
2544
2700
1011
1027
888
2701
984
2702
2702
2703
888
468
888
888
2704
888
824
710
1246
421
888
1333
888
984
888
1046
249
2704
554
888
1538
2163
1727
1762
717
2425
1854
2215
2216
2372
2515
1927
1886
2199
2705
2575
2706
2254
2279
2707
2708
2709
2181
2527
2707
1854
2710
2711
2675
1542
2385
1825
2712
2109
2120
2675
1718
2285
2713
2186
1854
2658
2070
1238
1222
2714
1525
2529
2243
2513
1554
1927
2715
2714
2019
1721
2024
1516
1292
1762
1721
1153
2716
1516
2072
2717
1373
2660
2006
1718
2433
1516
2158
1854
1854
1090
1948
1798
1927
1927
1927
1854
2685
2250
2261
1927
1735
1735
1735
1735
1735
1735
1735
1735
1735
1735
2617
2010
2718
1854
1583
2126
2719
2586
1854
637
1927
1927
1854
2720
2721
2722
2588
1927
2722
1854
1762
1721
1993
2072
2072
1854
2187
2589
1854
1721
2447
1156
2320
2723
1854
1465
1636
2724
1854
2447
1888
2725
1708
2726
1828
1704
343
2494
494
1216
2463
2727
1315
2163
2728
2729
2191
2455
2565
730
812
2730
2519
1311
2632
2333
2731
2284
1927
2422
2254
2732
2733
1947
2333
2613
2702
2734
2735
2544
1566
2736
1566
2000
2627
2035
2737
2734
2671
888
2738
1246
343
343
707
1313
888
2739
2740
888
984
1543
2704
1538
2741
723
2602
2742
738
888
2743
759
2744
2186
1854
1886
1721
2186
2163
1721
2186
2304
2475
1721
1927
2120
2745
2312
2312
2546
2746
2095
2072
2747
2399
1699
2458
2417
2595
2529
2705
1693
2109
1762
2748
2749
2420
2114
2712
1854
2681
1721
1542
2527
2120
1542
1721
2120
1721
1721
1238
2292
256
1497
1222
2681
2658
1550
1721
2000
1238
2750
1583
2751
1238
2567
256
2752
1854
1854
1721
1721
1721
1542
1153
1762
2064
2560
2524
1153
1311
1191
2483
1153
2524
1762
1914
1238
1837
1854
1515
1927
1854
2753
2254
2254
2254
2254
2615
2359
2481
2325
2754
2470
2254
2254
1542
1560
1854
872
2006
1735
1735
1955
1854
2755
1643
1735
1802
1854
1854
1779
1721
2756
2757
1721
1721
1721
1721
1721
2698
2758
1999
2145
1697
1927
2236
2726
1721
1721
1721
1721
1721
1721
1721
1721
1721
1721
1721
1721
2759
1697
1721
1721
1721
1721
1721
1465
1777
1609
1854
1721
1721
1721
1721
2281
2724
1828
1993
1735
1321
1550
2760
2761
2366
2495
2730
2671
2728
2694
2244
2519
2762
2380
2731
1402
1027
2763
1995
2764
1381
2765
2197
2713
2615
1542
2361
2254
1434
1150
1992
1150
2766
2737
888
2220
1821
1246
554
1404
1046
1246
2767
2768
888
2700
1540
1871
1192
1192
888
1315
1543
1543
1537
2270
2769
2186
2163
16
2770
1791
2186
2081
2771
1722
2072
2772
2745
1721
2501
2457
2529
2773
2673
2519
1428
1854
2774
1735
2603
2711
1721
1927
2582
2043
1774
2775
1774
1542
1774
1774
1774
2386
1976
1915
1854
1927
2019
1774
1774
2776
1774
1774
1774
1774
1774
1774
1774
1774
1976
2386
2709
2777
1774
1774
1774
2386
1736
1854
1927
2312
2778
1774
2386
1774
1774
1774
1774
2386
2386
2658
2486
1774
1774
1774
2386
1712
2714
2216
1774
1774
2419
1153
1153
1153
1153
1786
2072
2216
2019
1721
1735
1716
1542
2163
1774
2419
2069
2069
2419
2419
2419
2419
2069
1153
1238
1232
1721
1721
515
2163
2069
2069
2637
2012
2714
1721
1854
1072
1153
1153
1791
2779
1927
2093
2120
1537
1153
1238
717
2780
1854
1854
1854
2781
1153
688
2483
1721
1721
2782
2481
1854
1927
1721
1721
1762
1721
2254
2033
2750
1927
1762
1854
2178
1854
1762
1465
2783
2784
2743
2743
2785
2786
2496
1854
1927
2787
1721
1927
1550
1721
2496
2149
2544
2442
1560
2721
1854
1854
1854
1854
1854
1854
1854
1854
1854
1854
1854
1854
1854
1854
1854
1854
1854
1721
1721
1721
2788
2238
1566
2756
2789
1354
2690
1927
1762
1854
1854
1854
1854
1854
1854
1854
1854
1854
1854
1854
1854
1854
1854
1854
1854
1854
1854
1854
1854
1854
2072
2721
1927
1854
1854
1854
1854
1854
1854
1721
1854
2755
1854
1854
1854
1854
1854
1854
1854
2000
2749
1886
1854
1854
1854
1854
2790
2366
1040
1242
2163
2791
2671
2655
2488
2792
2457
1701
2567
2244
2457
1431
2623
2733
1765
1984
1835
1171
2793
759
2794
759
1976
955
1434
2741
2254
1542
28
1566
2182
1150
1992
1540
1566
1346
888
888
1432
888
2795
318
1320
2740
318
1543
1192
607
2796
2163
2186
1918
2797
2270
2798
2250
2304
2799
2163
2800
2796
2716
2801
1721
1927
2312
2292
2312
2386
2802
2803
2386
1774
2386
2386
2386
2804
2770
1774
1774
1774
1774
1774
1774
2386
2386
2802
2386
2386
2386
2386
2386
2805
2806
2204
2807
1774
1774
1774
1774
1774
1716
2386
2386
2386
2186
2386
2386
2386
2120
2489
2610
1774
1774
1774
1774
1774
1774
1774
1774
1774
1774
2386
2635
1807
2808
2809
1774
2810
1927
2811
1905
1774
2419
2812
1915
2562
2604
1233
1736
1721
1774
2069
2812
2419
2069
2069
2069
2069
2069
2069
2552
2751
1721
2069
2069
2419
2683
1615
1542
2069
2069
2069
2072
1799
1927
1735
1721
1927
2798
1542
1735
1718
2442
2376
1622
2715
1854
2731
1548
1622
2191
1927
637
1762
1762
1762
1762
2072
1927
1735
2442
2640
1153
2722
2583
1854
1854
1854
1762
1762
1735
1854
1927
1872
1927
1434
2813
1854
1854
1854
1854
2537
1854
1854
1854
1854
1854
1854
1854
1854
1854
1854
1854
1854
1854
2814
1854
1854
1854
1854
1854
1854
1854
1854
2000
1854
1854
1854
1854
1854
1854
1854
1854
1854
1854
1854
1854
1854
2786
2496
1566
2729
1450
2072
1854
1854
1854
1854
1566
2491
2283
1840
1854
2024
1349
1835
2815
2816
2663
2163
2646
2817
1311
2298
2286
1538
2399
2818
1301
1301
2254
2112
2819
2182
2818
2820
1976
1915
1777
2764
1709
1471
1150
2701
1431
1933
1431
2665
723
1871
1449
2821
2740
2768
1431
824
824
824
2547
2186
2163
2163
2163
2186
2163
2578
2798
2822
2798
2822
2476
2822
2186
2799
2186
2163
2186
2186
2163
2186
2823
2578
1542
1542
2822
2529
1722
2814
2186
2186
2163
2163
2476
2824
2825
1927
2163
2163
2163
2186
1722
2826
2186
2163
1927
2827
717
2163
2163
2163
2186
2163
2163
2163
2386
2529
2529
2828
2529
2186
2186
2186
2186
2186
2163
1774
2386
1542
2120
2638
1500
1721
2186
2163
1774
2610
1774
2419
2072
2606
1721
2163
2163
2163
2500
2829
1762
1774
2610
1774
2809
1774
1774
1774
2419
2777
2610
1774
2812
2830
2778
2285
2285
2830
1774
2812
2163
2474
2513
1774
1791
2072
2831
2761
1774
1222
1248
2831
2832
2069
2069
2069
1762
2833
2069
2069
2069
2069
1554
2261
2834
2195
1542
877
2069
2069
2069
2359
2359
2359
1927
2359
1825
1915
2587
2655
2481
1738
1927
2376
1622
2835
1927
1735
2365
2072
2836
2837
2800
2684
1854
1927
2208
1735
1762
1762
1762
1762
1762
2838
2191
2193
1153
2839
2208
2191
2191
1622
1622
1622
1927
1927
1927
1927
1762
1762
1762
1762
2760
1927
1927
1153
1854
1854
1854
1762
1762
1762
1762
1762
1762
1762
2744
2840
2072
1854
1854
1762
1762
1762
2841
1536
2842
1854
1762
1762
2030
1854
1854
1854
1854
1854
1854
1854
1762
1762
2265
2205
2430
2515
1854
1854
1854
1854
2727
1644
1854
2727
1927
1927
1927
1927
1927
1927
1927
1927
1927
1927
1927
1927
1927
1927
1927
1927
1927
1927
1927
1927
1927
1927
1927
1927
1927
1927
1927
887
1927
1927
1927
1927
1927
1927
1927
1927
1927
1927
1927
343
1927
1542
2552
2843
2507
2191
2820
518
2844
1072
1285
2845
2262
1947
1862
2818
2251
157
2367
2846
2544
2847
2602
1844
1432
2702
1871
2848
2700
2849
2768
2850
607
824
2702
343
2547
2679
2186
2163
2851
2304
2072
2186
2186
2163
2852
1886
2801
2186
2828
2828
2529
2072
2163
2186
2529
2359
2529
2529
2270
2412
2186
2254
2244
2312
2163
1774
2069
2386
2457
2199
2072
1774
2638
2285
2527
1774
1774
1774
1774
2809
1774
2069
2285
2285
2285
2228
2120
2610
2529
2474
1786
2359
2069
1937
2529
2828
2069
1026
1786
2069
2359
1825
2216
2186
2359
2720
2502
2486
2658
1735
1925
1927
1762
1773
2452
1727
2072
1735
1153
2853
1762
1762
2758
1927
2840
2595
2854
2855
1854
2538
2205
2709
2425
1854
1854
1566
2595
2757
2723
1854
2424
1879
2589
2641
1927
1927
1927
1927
1854
2567
2520
2409
2641
1927
1927
1927
1927
1927
1927
1777
1144
1927
1927
1927
1927
1777
1927
1927
1927
1927
2492
1927
1927
1927
1927
1927
1927
1927
1941
1927
1927
1927
2856
2857
2858
2856
2601
1302
2191
2191
2442
888
343
1538
394
723
1947
2859
1665
2599
2860
1802
1566
2742
2704
1747
2861
2795
654
2850
2850
1538
2702
2862
2850
888
343
1540
343
888
1105
1722
2863
2864
2865
2864
2772
1886
2866
1722
2867
2529
2163
405
2457
1791
1721
2828
2556
2539
2632
2868
1774
1774
2809
2869
1762
2778
2830
2285
2870
2285
2285
2285
2871
2831
2120
1781
2285
2285
2285
2285
2778
2527
2872
1712
2638
2529
2529
2873
1854
1786
2339
1880
2874
2359
2359
2710
1590
1774
2359
2359
2359
2834
2829
2359
2072
2831
1915
2312
2875
1529
1834
2834
2216
2216
2064
1927
2876
2433
1699
2067
2877
1927
2732
2093
2878
2879
2744
1694
2880
2754
1779
2881
1762
1762
2837
2093
2720
1153
2072
1762
1762
1879
1960
1854
1927
2072
2072
2072
2538
1860
2882
2072
2631
2842
2533
2762
2421
2721
2072
2072
2072
1854
1927
1927
2755
1927
1927
1927
1404
1927
2651
1173
646
888
557
2250
343
1566
1566
1566
2402
2883
2672
2884
2884
2818
2818
1566
2850
2629
2280
2197
2885
2196
1566
1844
1844
2886
1431
2887
1432
2742
2702
1320
1163
2764
1442
1333
1346
1246
1333
1538
2888
2701
1543
2764
892
1498
1327
2487
2304
2772
2529
2529
2828
2874
2798
2772
2340
2285
2889
2825
2705
2869
2778
2890
2891
2285
2285
2529
2748
2285
2892
2638
2529
2624
1255
1515
1026
2681
2312
2731
2893
1791
2312
1854
2019
2894
2895
2228
1402
2896
1799
2120
2072
2897
2072
1777
2476
2079
2689
1854
2631
2538
2072
2072
1153
2072
1854
2072
2072
2072
2072
2072
2072
2722
2664
2767
2072
2789
2072
1945
2898
2072
2314
1791
717
1927
2459
2072
1775
2636
2254
2899
1997
2254
654
646
1927
1408
2900
2112
654
1375
1947
2781
1866
2818
343
2367
2879
343
343
1320
1484
2768
2795
2446
1566
2901
2901
2847
2902
2903
1333
2367
2904
888
2702
1408
1449
2739
1333
1315
1333
1246
2850
1722
2304
2304
2905
2851
1722
2304
2852
2373
2851
2359
2851
2825
2798
2863
2529
2897
2216
2529
1542
2863
2285
2285
2906
2839
2907
1786
2908
2250
2798
2798
2899
2476
2800
2285
2250
2909
1368
2142
2899
2101
1721
2285
1441
1368
2070
1854
2808
1355
2907
2873
1796
2312
2873
2910
2195
2068
1854
2878
2657
2216
2911
2072
2912
1927
2913
1786
2072
2516
1584
2898
2722
1762
2072
872
2072
2072
2718
2789
1854
1513
2914
2589
1927
1637
2915
2813
1723
2491
2879
2879
1142
1512
1163
1163
1723
1163
888
1993
888
1748
1566
2494
1431
2703
2916
1381
2917
1466
2795
878
1933
2917
2741
2794
1722
2918
2826
2772
1712
1722
1774
1915
2919
2920
2919
2335
2798
2906
2822
1771
2777
2580
1721
2791
2921
2798
2922
2476
2823
2894
2835
2873
2770
1537
2476
2014
1441
2893
2873
2657
1721
1735
2923
1786
2924
2322
2895
2216
2780
2195
2717
2924
2093
1721
1097
2853
1973
2380
1791
2175
2260
2925
2452
2595
2376
1832
2926
2813
1945
1349
2286
1927
646
2244
654
1163
227
2154
888
2756
2407
2818
2738
2621
2764
394
1320
1523
1491
1408
2902
2887
2886
2917
2927
2851
2905
2304
2928
2304
2929
2120
2752
2725
1721
2043
2930
2913
1537
2931
2043
2822
2135
2656
2476
2822
2651
1537
2932
2216
2606
2807
2933
2476
2556
2474
2312
717
2796
2681
1886
2228
2923
2072
2934
2200
2913
2853
2093
1724
2935
1727
717
2231
1727
2875
1693
2342
2631
2376
2297
2936
2837
1072
2477
2179
2937
1773
2250
1693
1566
2615
2815
227
2818
2818
2938
1163
1566
2886
1992
2939
1566
2034
2197
2886
1509
1538
2688
2304
2918
2940
2304
1722
1722
2654
2359
2304
2941
1791
2474
2942
2070
2254
1786
2943
2929
2944
2945
2553
2476
2120
2946
1542
2947
900
2796
2791
2250
2518
1931
1927
2631
2083
2476
2204
1402
1740
2877
2880
1103
2113
2939
2538
2139
2842
2441
1829
2780
1103
2283
2692
1178
2948
2477
2785
1693
2836
1907
2949
2000
2950
2492
2191
2480
1584
1142
2818
1163
2611
1163
2939
2939
2901
2938
1333
2939
2544
2939
2544
888
2903
2905
2529
2772
1722
2866
2304
2928
2951
2952
2827
2820
2632
1721
2943
2931
2246
2873
1735
1799
2216
2383
1762
2953
2771
1727
2235
1453
1550
2954
2403
2955
2817
1805
2538
2538
1537
2579
1791
2579
2692
2682
1537
1643
1547
1828
1550
723
2954
2914
2767
2956
1871
1972
2667
2280
2789
1740
1727
2767
2281
2925
2593
227
1566
2756
1641
1566
1566
1163
1400
1400
1163
1543
2544
1163
1566
2238
2197
1566
2793
1566
2860
2916
2939
1943
1566
1566
1943
2957
2904
2886
2902
2918
2940
2958
1722
2959
1722
2931
1721
2907
2942
2381
2960
2931
2120
2873
1786
2875
2944
2961
2798
2670
2298
908
2235
2695
2744
2722
2664
2354
2236
1932
2477
2063
1724
1622
2744
2283
1622
2837
1281
2836
2442
2962
1633
1727
1740
1727
1727
1727
2798
2935
2260
1740
2962
2260
2384
2496
1584
1943
2756
2629
1163
2765
1566
2939
2629
2544
1566
2963
2939
2818
1040
2672
2450
1943
2756
2629
2939
2544
2629
2939
2544
2964
1566
888
2965
2890
2918
2525
2952
1721
2966
2932
2581
1026
1786
1786
2019
2072
2961
2892
2524
2798
2967
1441
2968
1453
2934
2695
2933
2339
2664
2432
2925
1860
2836
2466
1554
1727
2767
2191
2590
2969
2789
2191
2629
2636
1163
1040
2544
2939
2939
2939
2939
888
2591
2529
2545
2531
2654
2970
2529
2012
1550
2960
2681
1866
2971
2487
1786
2946
2780
2972
2484
2730
2973
2973
1622
2936
2191
2539
2941
2876
2876
1622
2376
2790
2191
2744
1554
2191
2232
2191
2452
2743
2974
2297
1748
2498
1375
2825
1786
2216
2931
1907
2942
2975
2236
2976
2216
2977
2381
2822
2744
2686
1441
2935
2577
1441
2687
2687
2978
2695
2516
2979
2968
2980
1931
2666
2442
849
2974
2981
2545
2304
2801
1026
2515
2897
2686
2982
2578
2072
2744
2546
2695
1301
2971
2474
2983
2984
2269
2935
2985
2986
2987
2988
1285
1075
2478
2944
2962
2322
2648
2743
2989
1883
1554
2544
2024
2939
2498
2990
2939
2453
2772
2897
2312
2991
2290
1927
2265
1791
2979
1931
1727
1727
2725
2968
2008
2992
2393
1791
2921
1886
2719
2789
2397
1642
1163
2993
2994
2275
1786
1026
2979
1960
2476
1727
2241
2748
2995
1799
2882
2387
2855
1779
2996
2841
2376
468
2872
2997
2941
2998
1450
2897
2897
1786
2996
2326
2205
2205
2985
2999
2435
3000
2980
1492
2992
3001
2260
2902
2338
1721
2929
3002
2219
2677
2983
1492
2995
3003
2961
1492
2345
891
3004
3000
1560
3002
2686
2063
1314
2428
1430
1142
1741
1724
2285
1492
1430
2999
3005
1727
3006
2897
2977
2826
2654
2947
2876
933
1049
1269
2039
343
343
2949
2077
2386
2828
343
2098
933
343
343
343
1043
2597
715
714
1081
952
343
343
343
343
343
343
933
343
2091
2100
2048
714
933
343
343
343
2153
3007
933
933
1095
343
1689
933
2258
2257
2727
256
354
1869
128
724
100
2981
22
266
879
180
222
132
256
411
99
203
724
639
460
183
458
46
66
31
342
218
221
342
218
218
221
342
188
578
14
32
506
3008
519
494
966
1117
3009
449
620
1201
107
834
1280
342
218
221
218
342
220
343
218
342
342
342
342
221
221
342
342
342
221
218
342
218
221
724
117
1338
1485
302
112
1485
296
130
578
1170
454
999
1563
288
343
342
218
342
53
53
221
343
343
343
220
221
221
221
218
220
342
218
342
218
343
1420
614
1782
459
1338
818
504
198
167
702
455
207
956
342
342
53
343
220
221
221
218
342
343
328
1639
823
364
435
221
758
2451
342
343
53
53
342
342
221
343
191
343
247
252
1692
343
221
218
933
1005
714
714
714
342
218
342
221
221
342
343
343
343
343
343
343
715
708
264
343
150
340
787
109
908
880
714
556
714
714
714
714
714
714
714
714
714
714
714
715
714
715
715
715
715
714
714
342
950
221
714
714
714
343
343
805
343
150
150
1043
714
714
714
714
714
714
714
714
714
714
714
714
342
343
342
218
1859
53
221
218
218
342
218
342
342
342
53
714
218
343
343
343
343
343
3010
1447
509
816
950
714
714
714
714
1082
218
715
42
1585
343
343
342
342
218
343
714
714
220
220
342
714
343
343
343
343
1740
963
221
343
933
1408
479
714
714
714
714
714
715
866
714
714
343
218
343
218
342
221
343
221
343
343
1338
1338
1691
1338
3011
343
343
507
223
218
435
343
714
715
343
342
342
218
221
221
714
343
343
343
343
221
714
343
343
343
342
342
342
342
343
343
343
342
221
221
343
343
343
933
933
343
1775
1525
383
343
343
715
343
343
343
343
343
643
1334
933
3012
372
714
714
714
1020
714
714
220
218
343
343
53
53
342
343
715
343
933
343
343
659
343
343
343
343
343
933
1923
639
714
1084
1876
636
343
343
220
343
342
218
218
218
343
343
527
494
906
1269
2792
343
218
218
1087
714
342
1625
221
221
933
343
343
221
714
343
933
343
218
342
201
1280
685
758
342
218
541
220
221
342
221
343
220
343
343
343
221
343
343
218
221
2064
1057
715
3013
342
218
221
933
714
342
218
814
2413
880
1721
688
1859
218
782
714
1477
714
715
220
221
221
221
221
2186
788
715
715
1806
343
343
343
1525
1684
1338
1338
1338
1601
221
1470
782
859
722
1859
950
53
1664
1580
782
218
218
714
714
714
247
782
488
2252
715
714
715
1723
2192
1263
1854
1090
2258
714
1854
1312
1238
2386
584
3014
1991
1562
1436
2009
1955
782
1790
1458
1883
1955
1856
1953
1904
1950
872
2051
2289
6
285
2103
1903
1903
1949
1904
2002
3015
2868
383
2732
2523
1294
3016
1849
1949
1949
2050
1965
1106
1965
968
1774
2514
1338
1338
1338
685
782
2223
2163
1879
942
1821
872
2102
1212
2150
1570
2064
3017
343
552
2800
2019
1762
1338
2816
1228
2266
2019
2073
1927
1283
2096
2096
1560
1560
1560
1560
1786
748
2061
2113
2971
1721
2019
1554
1914
685
967
1560
2073
2162
1560
1560
1560
1560
685
2247
2115
2272
1303
2176
1463
2143
2386
2138
1860
2570
2570
3018
1797
2798
2092
2092
1560
2110
872
1560
1560
1791
2829
1887
2096
343
2120
2032
2310
2524
2122
1228
1190
2312
2546
2505
1280
872
1885
1912
2096
1721
2222
1721
1791
2247
1618
1153
1642
685
2645
1937
1583
2340
2725
2021
1540
1486
1805
1567
1476
3019
2303
2019
2550
2524
3020
2145
2906
2863
1880
1914
2193
1153
1644
1513
2514
2505
2505
2505
1999
2154
2120
2185
1780
1854
1854
2442
2215
3021
2696
1774
1774
2133
2146
2359
2069
2618
2118
2542
2357
1938
1721
387
387
3022
2505
3022
3023
2244
1740
1786
1238
2753
1475
2525
1786
2691
1238
1102
1212
1756
2415
1854
1927
1721
2457
2923
1786
2333
1090
3024
1156
2972
1927
2503
2505
2215
2303
2803
2706
2271
3025
1927
1625
2889
2906
2536
2313
2019
2236
1854
2553
1550
1854
1508
72
2973
2412
1854
2034
2120
1886
2940
3026
1547
2216
1854
2695
2808
2562
2069
2163
2163
2069
2419
2386
2064
1854
2072
2163
2186
2163
2822
1774
2989
1542
2679
2607
1927
2747
1866
2953
1735
2658
1018
1018
2680
1721
1938
2031
2215
2500
3027
2457
2529
1789
1747
1735
2805
2805
2824
2891
2772
3028
1238
1557
2424
2984
2858
1413
1775
2854
2930
2963
554
2764
2163
2638
2678
2709
1854
1735
2689
3028
2035
1835
1383
983
1246
1590
2359
2708
1762
2563
1786
1721
2300
1721
2024
1171
2611
468
2069
2386
2069
2386
2254
2163
2359
2069
2069
2386
2386
2386
2069
2069
2069
2069
2359
1774
2872
2419
2069
2359
1774
2359
1774
2205
2386
2828
2828
2386
2386
2359
2828
2828
2529
2386
2386
2163
2828
2529
2828
2069
2069
2812
2069
2386
2386
2069
2069
2386
2386
2359
2386
2386
2386
2359
2386
2386
2529
2069
2069
2828
2069
2386
2828
2386
2386
2069
2069
2386
2069
2069
2386
2780
1280
2281
1854
2496
2163
2186
2798
2797
2069
2386
1774
1774
2069
2419
2386
2802
1774
2069
1774
2419
2529
2386
2186
2527
2069
2419
2069
2069
2069
2069
2359
2804
2419
2359
2069
2359
2285
1721
2072
1735
2990
2186
2798
2186
2304
2163
2186
2163
2359
2809
2994
2359
2359
1762
1927
2555
1791
2010
1927
1622
2186
1762
2163
2828
1825
2997
2664
2915
3029
2529
1735
2909
2830
1799
2730
2621
2902
1844
218
2525
2539
2965
2547
2072
1942
2283
2939
2544
2529
2798
2825
2908
2798
1103
2534
2692
2914
2851
2771
2280
1566
2847
2951
2679
2961
1724
1550
1542
2795
2544
2901
2545
2304
2959
2994
24
2042
1554
2477
24
2611
2611
2964
1034
1262
2928
1722
2839
2798
2818
2689
1862
563
2939
2989
2442
2789
2947
3030
3031
41
2998
2897
2207
22
4
4
44
35
30
330
327
4
464
607
69
66
24
67
93
75
67
102
75
35
4
79
81
247
74
4
75
431
123
145
937
421
123
126
1885
160
173
242
786
203
142
1019
484
44
126
222
183
235
813
214
335
1138
334
739
401
745
100
41
41
264
29
9
1119
3032
36
277
142
3033
3034
166
390
143
1401
202
41
36
333
236
523
41
299
673
65
521
464
716
330
938
202
519
116
670
3007
333
1254
111
41
74
361
691
41
243
1557
300
742
519
325
246
835
70
807
620
737
53
41
470
41
41
32
593
673
651
1673
9
9
441
169
620
506
1503
32
41
1110
32
94
953
840
848
594
504
1201
634
742
371
473
681
483
1289
958
3035
1013
116
29
3035
253
221
1967
435
2280
376
1338
32
689
358
1062
599
787
556
835
435
720
32
511
818
56
116
10
935
928
1321
199
858
447
1099
1884
879
298
400
1198
41
1001
950
9
971
894
846
615
931
291
1173
1824
556
541
1103
574
580
931
808
808
1641
631
1194
447
2569
3036
182
1047
1264
2293
1399
1679
108
828
775
1065
1442
447
1051
2045
1212
1234
2058
828
412
489
1256
3037
1051
677
1383
247
1146
469
1420
1904
1558
323
878
1383
182
1117
1921
2021
657
1570
1786
721
523
1288
2020
1164
1192
2505
1115
1294
607
165
165
1476
609
1010
291
2564
973
1166
1926
1970
1723
1525
1900
1272
1490
684
344
1293
2644
907
3038
2217
1280
1506
612
1263
1293
1527
1567
685
1683
2944
1380
719
1527
2533
1810
1570
1705
1527
969
1665
1159
3039
1544
1228
848
1519
2133
92
1551
1906
1580
1963
1381
1723
2460
1224
895
7
1012
1560
2073
1833
1447
907
1708
1792
907
1712
1775
1238
1733
782
1791
5
3040
1452
2193
1792
1347
685
2368
1857
2324
1927
1554
2136
895
805
2822
2453
2163
2791
888
2000
2250
2386
1871
2783
1740
2672
1622
43
714
113
178
32
466
1755
182
447
15
219
342
331
253
437
454
342
221
221
221
343
343
466
3041
1851
955
226
477
343
199
424
856
343
1125
394
823
715
714
714
714
714
715
343
343
1284
1170
3042
714
218
343
1062
1461
2459
773
2255
1996
1585
1689
2100
2165
2226
2927
2207
2153
782
2153
2252
1324
32
4
1004
15
528
9
35
9
1146
842
553
35
166
36
1880
181
1205
35
25
484
163
221
342
32
758
378
344
787
41
45
292
201
1078
724
941
349
221
221
218
221
53
639
348
3043
3043
688
2758
1450
2347
220
792
714
150
2020
2280
368
32
150
770
524
782
342
342
342
343
343
218
343
343
220
343
343
342
342
342
218
218
218
218
218
220
342
218
343
343
343
343
343
343
342
221
342
218
342
218
221
343
221
220
220
221
343
218
342
221
343
221
507
366
1338
1195
1968
751
1564
150
150
247
1234
280
465
654
454
357
373
838
688
714
714
218
343
805
873
714
714
714
714
714
714
714
714
53
714
714
715
715
715
715
715
715
714
343
714
715
343
816
816
1537
1170
1083
3012
1437
1170
842
483
844
1782
1673
1028
221
221
2059
1221
715
221
221
221
218
343
1859
714
343
343
494
340
1287
218
866
714
343
343
343
342
933
343
933
950
1326
933
21
1118
363
1391
342
1085
343
806
541
637
1241
954
1078
1149
489
1987
761
1417
685
1619
1171
1915
1577
2224
1238
2515
2920
2899
1915
2920
2920
3044
1626
805
587
688
2504
1427
782
1635
557
1575
1410
1966
2043
343
541
1219
1458
323
2311
2529
427
523
2072
2371
1917
2788
2904
1347
1723
2191
2840
2215
1100
3045
2574
2705
1450
2352
2876
2205
1626
2386
806
1719
2256
2705
2115
2072
1786
2576
2506
2506
1626
2209
3046
2514
3046
2746
2798
2920
2072
2538
2956
2457
2260
2500
2896
3047
2771
2163
2069
2848
2730
2515
3048
3049
2736
1538
1451
888
1431
343
2611
2850
2386
2419
2419
1774
2419
2386
2419
2419
2069
2069
2386
2069
2386
1976
3043
2840
2191
2442
2869
2863
1098
10
10
2914
182
2767
12
4
4
45
45
10
749
45
2209
567
1352
150
434
185
275
420
1021
1075
288
605
872
657
2280
388
1312
480
968
782
1723
2643
1166
1613
1566
2031
2401
1103
1039
2622
1206
1703
383
343
343
2244
1474
218
603
1570
919
685
2843
343
587
221
2215
2514
2546
2514
2418
788
2540
2217
1527
2193
1735
2000
2969
2881
2939
220
288
343
343
933
1497
888
2226
1548
382
1855
218
220
724
864
218
712
1616
3011
221
21
343
714
715
950
997
714
714
715
715
714
714
53
220
343
715
866
342
343
866
343
343
933
933
714
343
346
714
609
343
1937
253
221
218
218
1712
2226
1474
1631
2123
1090
2128
975
427
793
1691
2185
1722
165
1206
2876
2798
2261
2268
3050
1764
2351
3051
2193
814
2988
2931
2468
1735
3052
1112
1854
1854
2828
1762
2766
1774
2069
3053
1584
1722
2419
2787
2704
2186
1927
2952
2945
2219
1246
1712
888
2837
2848
1509
1565
2205
102
535
240
1010
818
741
885
761
3054
977
32
32
75
1224
715
1510
44
1227
1413
1073
1570
685
1706
342
343
715
557
933
2184
1774
1618
256
2488
2120
165
942
788
1742
1407
692
3045
1407
1023
806
3042
2254
1964
1687
1744
1936
486
1913
3027
2120
2542
1026
1002
872
1791
1560
2073
2096
1560
1560
2100
1560
1560
1560
1560
2070
1735
1854
2554
1521
1562
2634
2302
2492
664
2633
1927
3055
1762
1315
1762
1762
1762
1854
1854
343
2064
1927
1311
2186
2186
2163
2163
2163
1735
1554
2373
1762
1927
318
888
1192
1774
1774
2069
2359
2359
1854
1825
2261
1927
759
1315
343
2163
2163
2186
2186
2163
2186
2186
2186
2186
1931
162
3033
306
30
1473
33
129
129
61
177
136
812
287
282
282
1192
319
277
82
796
530
45
609
285
1477
1186
535
585
90
1036
343
835
623
1904
3056
1260
2455
2836
2426
1479
2395
2818
1040
43
579
150
386
910
805
702
1677
695
1474
1813
2408
35
897
745
758
1341
323
343
1020
1544
1381
1169
1639
2451
1312
465
758
1026
748
1164
1476
1407
1491
1570
534
1502
2122
9
1682
7
1402
1164
1931
9
1452
1445
2348
459
657
15
1626
942
1857
218
343
1735
2734
1468
275
1150
3057
1540
822
567
1578
1580
1880
383
1687
721
1908
1612
1560
2051
1475
1666
2092
2907
2811
2100
1407
3058
2140
2708
1229
2566
2458
3059
3022
2378
2041
2186
2343
2136
2254
1791
573
2939
2017
1735
2072
1153
2386
3060
2069
1721
1774
2163
2163
2186
2163
2069
2069
2359
2125
2064
2471
1762
608
1194
6
42
68
4
1435
202
560
32
339
351
247
73
615
1187
973
463
899
706
578
443
1485
947
714
714
328
145
556
931
1077
762
292
698
1996
1244
1571
2146
1206
2744
2006
227
427
1534
1527
2220
1996
466
343
714
1270
979
2602
2381
123
182
150
427
810
483
715
715
2099
2380
1216
45
3001
1472
525
1735
3057
1343
877
951
1991
763
1331
323
3061
2637
1092
1212
429
1114
2087
1663
872
1568
1574
1527
1527
3038
1737
15
92
2782
1874
3038
2129
872
2196
2107
2341
1970
1787
1534
1672
1752
1857
1996
1854
275
746
1309
648
2701
2705
2096
264
1864
288
66
1887
2705
399
1560
165
1169
2722
2299
427
715
1150
2186
113
765
1689
1103
2099
2315
3036
881
2073
2096
781
1566
1707
723
343
15
75
714
2099
1712
3058
1915
1289
221
218
1762
898
857
574
15
841
2917
2227
1206
1317
1614
1142
343
578
2449
1043
165
1777
2120
2099
2594
343
343
343
343
1911
844
748
343
343
1238
1791
2100
2100
2433
1424
1560
584
1799
3062
954
343
343
1238
1967
64
2255
2277
1014
9
1937
367
404
1597
1692
342
342
1751
2072
1347
1885
1389
2448
2120
2501
1778
2810
2070
1665
2602
218
1883
954
2457
1538
1538
2602
888
2214
2780
888
2602
2744
3063
1716
1665
1765
1171
2163
1844
1320
2292
1144
2442
2734
1938
730
2969
1498
343
1735
2191
2072
2283
343
1538
343
343
2758
888
2891
1281
2466
2193
2442
2672
1828
1838
1930
2725
501
1265
68
293
94
210
457
44
288
172
41
233
474
35
263
559
519
637
15
71
147
25
2858
356
342
424
1013
194
1018
342
221
343
343
32
113
3064
165
1816
424
270
424
146
184
1414
150
888
366
1083
218
343
343
504
933
218
308
724
372
22
1212
714
714
714
714
343
343
714
2847
2083
714
342
714
343
1215
715
221
2029
343
363
1450
2069
2399
2073
3058
1558
1100
2960
549
888
1774
2529
1142
1883
2019
1724
2197
24
81
275
333
310
754
150
819
1499
881
264
720
1384
2536
1326
165
1014
1820
1869
348
349
182
15
1206
342
343
343
218
865
714
714
2314
1915
2285
782
2209
1724
1780
2622
251
866
165
343
2768
2591
1566
2544
189
220
2044
1712
805
2505
269
464
739
1915
165
2196
2803
1212
1206
717
657
42
715
343
885
771
939
714
1859
343
933
2296
640
1158
494
1061
343
950
342
293
2750
1328
221
802
714
1002
714
1232
806
1256
637
657
1527
1284
671
960
960
685
256
7
1238
253
15
9
637
1458
1770
486
1743
323
805
471
165
1458
1260
2296
1516
1407
1501
714
895
2262
1927
1566
2120
2960
2024
342
53
343
599
199
788
685
734
1266
714
714
844
685
343
343
343
343
1585
2073
2271
1774
2209
181
1039
2371
221
2566
842
1103
1668
1326
685
1560
1477
1100
567
2072
2592
2492
1859
2339
2072
1260
1061
782
929
1757
2163
1108
1343
11
567
196
2888
1287
782
1859
1187
2535
715
218
1350
595
782
1721
2846
3065
714
933
1321
703
1560
2697
483
3066
1153
2972
2561
2602
1371
1727
1169
715
782
644
343
343
1341
343
343
942
1014
1854
2190
2069
2419
2069
1791
32
164
10
1483
221
950
714
342
323
343
1271
1866
16
1560
1542
2507
2155
1623
184
714
1723
515
3058
297
714
1072
342
2767
838
714
2548
427
220
1366
714
1019
895
1263
598
1381
1125
1668
1158
1975
715
81
1146
287
343
29
782
2575
2250
1938
2069
218
1914
2355
906
657
342
1777
2011
2032
2672
2917
2156
2595
86
124
129
201
406
110
461
79
32
1335
218
218
343
451
1278
342
343
343
343
343
933
343
221
1759
714
218
1476
1805
3067
1560
3068
459
1677
1976
2413
2731
2087
2069
2419
1542
2250
2442
1677
1927
2891
82
608
557
483
706
2668
701
1153
2803
163
714
714
714
1474
3056
1264
219
342
3067
714
1287
247
1786
2570
1712
2255
2693
1471
247
343
715
1970
1144
1735
2072
2602
2734
2442
42
936
888
1023
888
343
1211
342
1852
3069
2611
6
1199
2125
1308
2021
15
1880
1661
2072
714
714
2818
563
3062
1468
1142
1468
184
75
1144
1735
2283
601
2843
2939
42
97
195
805
590
2051
2274
1970
343
279
715
343
2515
688
2072
383
2203
813
951
933
1947
1099
1260
1171
1026
343
1311
3070
343
318
2702
1721
303
346
15
9
116
263
9
942
1985
1932
35
32
539
226
806
705
2763
2857
2768
755
1871
218
622
9
343
584
1144
888
717
1156
2191
2072
459
183
32
184
2118
2384
427
782
2064
543
2120
53
343
633
1305
367
150
942
1896
1219
1622
2515
1390
1396
1927
2740
10
263
1536
264
973
2100
744
22
343
933
714
714
714
53
933
343
343
343
342
1927
2094
1560
1560
1816
2419
2380
211
2774
1313
44
390
338
447
1155
1170
1537
342
1692
893
714
997
626
1691
1266
1238
1918
3069
2228
2514
2481
2818
2806
2867
2544
714
1786
2465
1062
2185
2163
3048
1914
35
715
1439
1568
1831
2213
2922
2671
2602
2500
911
1162
1077
714
454
342
2229
123
165
342
805
685
1262
366
366
1143
1145
587
1791
715
933
797
758
1657
869
1527
343
218
2071
722
782
572
318
557
6
1155
1321
3013
343
1743
1618
1560
218
2543
2258
2257
2041
342
685
343
954
1028
685
720
1118
343
933
933
1137
2191
1283
221
719
342
2744
9
1910
1403
165
2386
2116
1585
2017
2213
1765
1542
787
1991
67
2305
1083
950
1244
199
2535
342
221
1636
67
1266
371
1045
1149
2008
933
2373
1254
218
1400
123
2355
950
1019
1023
343
715
343
1542
2193
2798
714
509
2699
221
2029
3064
342
126
685
225
2016
138
609
2591
393
683
1998
356
343
343
220
942
1723
1476
1766
2336
2987
276
688
993
748
342
1157
73
41
2250
1075
1624
1848
1914
165
782
1566
942
342
1733
202
2939
1073
427
718
2069
3071
555
778
221
1469
1062
657
218
1845
1932
1115
1390
1936
872
218
2090
714
556
933
715
2166
256
342
218
715
1485
15
53
714
171
41
2145
53
851
343
1383
714
342
218
1774
933
343
2247
233
787
1822
343
2238
485
41
714
2343
221
32
714
343
1424
1018
343
2356
162
1769
426
344
714
221
1211
2417
933
2868
1180
933
454
1280
540
2250
1048
2365
2193
1051
967
903
35
253
1042
885
2418
918
1586
1735
393
2682
1206
32
35
2312
2205
342
715
693
539
343
69
685
455
218
3011
343
343
2573
1163
343
1786
2661
1804
2974
343
343
3072
2186
1717
554
436
1813
630
884
150
1851
518
218
218
1854
109
5
494
479
2884
2412
543
1712
2039
1414
745
342
343
1905
342
1743
342
715
343
342
715
263
1470
1378
123
715
218
218
53
53
1258
441
2546
1561
933
1249
1151
597
231
1238
2058
1054
3073
1915
1554
757
714
92
1594
1592
1164
547
128
1479
1164
35
1367
483
1249
4
1018
459
9
221
1207
1804
390
1069
456
188
35
150
927
888
1791
1349
1444
1527
498
1933
435
2605
888
369
1477
523
1065
844
806
587
2982
556
2205
2481
550
717
718
980
609
2077
912
65
935
2118
3074
367
1583
859
2362
1296
1757
2744
90
22
343
593
1832
527
1635
512
1900
1171
806
690
742
1135
294
899
72
1238
257
62
3056
2850
1316
845
75
2447
325
1445
415
35
664
32
27
664
297
1918
199
1861
484
753
2986
376
296
1682
2931
150
1246
2208
2002
933
32
454
2317
343
1255
374
558
2704
1784
343
2905
483
2849
2387
2979
2392
1040
797
2560
172
405
68
1586
774
1786
2910
221
343
2544
3047
2544
2245
1854
1611
850
621
1791
288
725
811
1854
2863
1642
1549
1424
2630
454
2265
1721
2303
1774
2926
1791
715
342
3048
281
888
3041
447
2967
221
2745
522
1462
931
1069
2108
2953
1854
878
74
1939
2633
2544
555
2638
446
604
309
340
2270
725
3013
10
3075
1762
789
2616
2455
3076
2079
1736
1646
1504
1142
3002
582
2254
2632
2072
2676
1784
2497
1721
2530
2240
264
1653
637
2953
820
888
587
2650
2544
1973
463
1347
1142
2744
206
1035
722
104
38
1469
1390
1381
2384
886
668
1896
1566
3030
1566
2308
1206
343
523
2566
2298
1762
2944
2813
554
2509
2302
554
2695
150
320
47
2306
3070
2028
722
